0.444230
0.586664
0.539030
0.579746
0.125870
0.002583
0.407106
0.988760
0.496167
0.296700
0.574035
0.682285
0.878593
0.860291
0.175257
0.698234
0.627163
0.005660
0.053475
0.282646
0.191403
0.378145
0.488832
0.025025
0.237819
0.396970
0.947931
0.847045
0.567256
0.458141
0.416912
0.498216
0.239189
0.236224
0.294341
0.326792
0.653418
0.393939
0.213246
0.355005
0.135614
0.898185
0.285066
0.994617
0.926193
0.065235
0.694636
0.397007
0.178383
0.512278
0.628097
0.798161
0.140268
0.225548
0.919077
0.755452
0.094604
0.503141
0.950950
0.070920
0.077889
0.991311
0.197604
0.431528
0.800413
0.378376
0.938245
0.025184
0.918038
0.239968
0.944749
0.140625
0.489391
0.254404
0.047441
0.400428
0.773377
0.262749
0.437698
0.605572
0.927881
0.885023
0.001747
0.061671
0.253200
0.097825
0.356670
0.315921
0.302037
0.892229
0.947337
0.008558
0.059601
0.853982
0.894604
0.233600
0.202865
0.103213
0.768959
0.031605
0.476296
0.864892
0.720343
0.343589
0.258754
0.033568
0.493109
0.628921
0.848822
0.610349
0.720814
0.423197
0.310388
0.784386
0.596063
0.639054
0.214737
0.035903
0.734936
0.545473
0.040319
0.643458
0.086109
0.172680
0.763355
0.846133
0.213470
0.542798
0.308099
0.208160
0.361355
0.274825
0.663630
0.186205
0.033745
0.902280
0.020579
0.308402
0.804325
0.796985
0.611143
0.171303
0.830768
0.278138
0.601434
0.644464
0.640683
0.510349
0.347702
0.888502
0.027417
0.351507
0.072267
0.551869
0.408250
0.203214
0.130328
0.977459
0.908568
0.537982
0.047650
0.199732
0.868462
0.394693
0.205833
0.566013
0.677329
0.749915
0.766371
0.049219
0.080054
0.535840
0.677396
0.938370
0.207894
0.417116
0.805760
0.607388
0.060298
0.272741
0.149639
0.673310
0.688911
0.870594
0.311871
0.401316
0.037409
0.273068
0.259387
0.892361
0.755398
0.405850
0.898580
0.292492
0.202925
0.310592
0.860265
0.290143
0.137809
0.164723
0.570422
0.109872
0.628698
0.041557
0.650658
0.852960
0.120735
0.037938
0.304047
0.257474
0.136725
0.077731
0.382909
0.729892
0.152375
0.645230
0.447960
0.143768
0.456016
0.874380
0.463025
0.049657
0.943174
0.949351
0.221091
0.388091
0.892137
0.062719
0.468426
0.632138
0.619132
0.991104
0.151890
0.536650
0.981809
0.001743
0.620172
0.330257
0.603359
0.569172
0.823859
0.562831
0.501315
0.572837
0.247041
0.017811
0.407017
0.601069
0.792576
0.171994
0.871487
0.973613
0.513855
0.979725
0.585721
0.270968
0.710861
0.640072
0.417339
0.321681
0.853085
0.975736
0.072585
0.344951
0.278447
0.175780
0.180288
0.134248
0.224624
0.105311
0.164008
0.404321
0.656383
0.623023
0.242523
0.391625
0.261122
0.050402
0.710676
0.517085
0.380570
0.651651
0.406021
0.860162
0.773646
0.934498
0.079192
0.847118
0.515641
0.123090
0.622156
0.376136
0.545292
0.973602
0.731372
0.008551
0.211851
0.415342
0.375483
0.898119
0.383055
0.881637
0.997701
0.017219
0.344672
0.215276
0.531510
0.100847
0.598963
0.979423
0.048546
0.159678
0.331227
0.228823
0.446612
0.164370
0.900304
0.420151
0.320056
0.368020
0.753831
0.321954
0.035776
0.303975
0.876063
0.642325
0.009257
0.545188
0.250772
0.909314
0.217552
0.297554
0.389741
0.994235
0.245452
0.180515
0.340716
0.334166
0.051752
0.095833
0.788103
0.308162
0.354352
0.022309
0.882486
0.728542
0.113471
0.924719
0.100550
0.845517
0.783668
0.047082
0.043918
0.152554
0.479734
0.539767
0.666663
0.827592
0.199643
0.963639
0.381270
0.435174
0.949814
0.315318
0.472775
0.269215
0.044143
0.917058
0.833260
0.324715
0.105378
0.842025
0.943224
0.452807
0.412545
0.795649
0.225781
0.312326
0.027758
0.839961
0.107007
0.102627
0.993462
0.284261
0.554815
0.110264
0.932215
0.942117
0.156989
0.267661
0.126177
0.094673
0.276568
0.876467
0.171360
0.187926
0.151698
0.557843
0.582595
0.982232
0.894652
0.749997
0.483013
0.522148
0.021653
0.962614
0.081956
0.315063
0.266524
0.554222
0.375163
0.422690
0.569808
0.131168
0.491209
0.915537
0.037671
0.563708
0.044090
0.988163
0.575225
0.529098
0.997791
0.804587
0.789176
0.158873
0.165039
0.823416
0.043697
0.007589
0.612824
0.392799
0.976478
0.340266
0.491529
0.586886
0.791510
0.455463
0.746888
0.143295
0.810257
0.708191
0.304439
0.709396
0.002120
0.517264
0.475990
0.639871
0.754962
0.918253
0.211549
0.528185
0.059735
0.775111
0.399151
0.584005
0.239136
0.484299
0.602840
0.896884
0.636271
0.624306
0.344980
0.763590
0.456507
0.921097
0.045534
0.804588
0.054541
0.998708
0.717967
0.477895
0.307286
0.952113
0.092917
0.848586
0.290321
0.262736
0.273045
0.103839
0.750708
0.255843
0.994662
0.653145
0.950107
0.267999
0.638775
0.878693
0.828803
0.334646
0.756225
0.377205
0.307991
0.280477
0.404532
0.052161
0.057860
0.117318
0.474304
0.056367
0.201168
0.947068
0.981547
0.590360
0.623285
0.432046
0.983100
0.516372
0.967888
0.351984
0.158519
0.259389
0.831768
0.568226
0.897101
0.976730
0.933434
0.201519
0.064379
0.712279
0.877736
0.698297
0.767545
0.166250
0.796986
0.001276
0.980786
0.569982
0.498952
0.874956
0.938019
0.071142
0.274004
0.473501
0.449765
0.909606
0.229223
0.341272
0.149427
0.761558
0.102580
0.533536
0.217595
0.129088
0.326687
0.721078
0.465481
0.744104
0.637868
0.470300
0.790494
0.556145
0.290093
0.430172
0.213313
0.058995
0.648747
0.303763
0.407343
0.932386
0.522370
0.825616
0.252251
0.144618
0.048745
0.628511
0.904706
0.922946
0.371570
0.116236
0.661472
0.987553
0.143920
0.329084
0.201276
0.448683
0.701168
0.220232
0.461727
0.463309
0.114947
0.287858
0.255834
0.756267
0.372885
0.222477
0.885744
0.754476
0.909941
0.190161
0.205143
0.814199
0.788258
0.651245
0.849423
0.382549
0.868081
0.595784
0.795955
0.263454
0.839920
0.696660
0.495980
0.470494
0.325236
0.843781
0.138594
0.467255
0.323588
0.940813
0.974820
0.806862
0.427339
0.579144
0.051087
0.083827
0.008838
0.943005
0.001851
0.207411
0.476006
0.512723
0.813046
0.159603
0.126312
0.440642
0.646513
0.864405
0.816469
0.392256
0.354773
0.097993
0.978894
0.997798
0.133540
0.111588
0.960829
0.405017
0.306236
0.526854
0.092753
0.281557
0.881462
0.582752
0.500380
0.739876
0.786508
0.509994
0.386808
0.840474
0.478082
0.565823
0.505652
0.544131
0.154290
0.675086
0.075875
0.486241
0.861062
0.565010
0.322418
0.712800
0.886646
0.240395
0.618494
0.664690
0.220865
0.740284
0.927695
0.928008
0.984442
0.042735
0.099006
0.974859
0.378446
0.266879
0.406834
0.789116
0.888004
0.687927
0.728210
0.887709
0.722443
0.326797
0.723416
0.443569
0.886258
0.542887
0.910301
0.846285
0.688624
0.248493
0.390149
0.540462
0.402622
0.395462
0.164344
0.951450
0.761063
0.034426
0.299491
0.223703
0.432340
0.793685
0.388093
0.910333
0.929639
0.301670
0.635210
0.520013
0.195744
0.028440
0.546568
0.608417
0.456837
0.513251
0.201169
0.692357
0.046779
0.417395
0.075938
0.157152
0.923681
0.110052
0.248326
0.500174
0.448755
0.812463
0.103388
0.196162
0.465725
0.859412
0.140021
0.995532
0.368700
0.455120
0.908533
0.456743
0.897038
0.446527
0.799573
0.254093
0.295924
0.506042
0.931289
0.939567
0.223308
0.543787
0.950194
0.625156
0.182951
0.087139
0.403143
0.111714
0.441555
0.343448
0.073824
0.005129
0.716722
0.007970
0.021578
0.891966
0.090226
0.376465
0.283071
0.727940
0.191725
0.360600
0.029494
0.997026
0.836062
0.943750
0.774736
0.648903
0.566352
0.245093
0.773083
0.772956
0.562229
0.945362
0.302656
0.931774
0.876070
0.353023
0.795958
0.376626
0.336456
0.528464
0.640280
0.373156
0.322525
0.913764
0.587435
0.329110
0.663039
0.278648
0.024671
0.000480
0.298811
0.648098
0.441998
0.214922
0.731630
0.022932
0.738678
0.551928
0.801798
0.631833
0.727016
0.000804
0.720410
0.768074
0.623022
0.894281
0.523474
0.243226
0.314925
0.089501
0.466774
0.543794
0.596558
0.981240
0.186669
0.790394
0.928695
0.549016
0.322787
0.249332
0.099152
0.358254
0.364524
0.546517
0.814057
0.669011
0.029963
0.156042
0.612129
0.971380
0.621592
0.020867
0.168318
0.487716
0.414252
0.340234
0.028346
0.833904
0.076613
0.889739
0.098878
0.189885
0.185278
0.726087
0.393485
0.235651
0.642590
0.214794
0.421448
0.310943
0.439236
0.022313
0.481066
0.993039
0.787953
0.368343
0.111445
0.246722
0.561356
0.455770
0.779011
0.398665
0.954398
0.638597
0.902773
0.150676
0.820911
0.278356
0.102800
0.641176
0.289142
0.620106
0.959318
0.649712
0.907901
0.894125
0.435375
0.162024
0.218918
0.192924
0.122426
0.297007
0.085655
0.047003
0.182425
0.327793
0.523623
0.156411
0.358543
0.779513
0.998341
0.137016
0.476719
0.378033
0.792774
0.937516
0.597155
0.192270
0.757679
0.470289
0.136298
0.075161
0.398785
0.717218
0.008187
0.933284
0.368785
0.670274
0.273590
0.862270
0.406765
0.318877
0.056641
0.785979
0.510522
0.958866
0.039875
0.757874
0.184669
0.558486
0.678968
0.674011
0.661539
0.474309
0.157847
0.760832
0.909572
0.662919
0.525075
0.135656
0.054203
0.071431
0.528279
0.251088
0.209947
0.903440
0.917706
0.792099
0.428583
0.039874
0.586233
0.220803
0.097249
0.175020
0.710700
0.542621
0.830440
0.688967
0.640273
0.753355
0.825775
0.665308
0.097129
0.704090
0.744576
0.785425
0.212110
0.785321
0.616602
0.463168
0.460543
0.138892
0.548834
0.138898
0.515327
0.155897
0.912522
0.996763
0.171298
0.633536
0.667644
0.562451
0.640022
0.503680
0.624151
0.625605
0.478116
0.278061
0.717291
0.213281
0.588821
0.381355
0.367068
0.207703
0.903760
0.986260
0.596108
0.046249
0.205222
0.560096
0.748152
0.196763
0.976147
0.419893
0.036633
0.333307
0.474161
0.897159
0.912189
0.801342
0.648205
0.149230
0.050231
0.369802
0.700133
0.748970
0.680432
0.655279
0.308307
0.605624
0.204234
0.347724
0.353675
0.816539
0.283478
0.814604
0.895102
0.619700
0.254683
0.186456
0.793237
0.062024
0.384245
0.675095
0.109169
0.721876
0.222252
0.571012
0.687717
0.305116
0.823855
0.956705
0.345223
0.493985
0.427956
0.267327
0.430145
0.184577
0.632742
0.659991
0.422421
0.138851
0.926359
0.154099
0.529302
0.718605
0.492167
0.533073
0.965309
0.162033
0.955386
0.719945
0.046596
0.285607
0.927628
0.762228
0.778725
0.780059
0.978996
0.121937
0.803769
0.113970
0.249441
0.267437
0.224269
0.361854
0.053322
0.933872
0.466387
0.526467
0.250744
0.871309
0.289930
0.173443
0.511461
0.216421
0.751356
0.942799
0.108782
0.374601
0.120163
0.672261
0.839896
0.280011
0.812550
0.545236
0.020959
0.406125
0.824130
0.187732
0.671756
0.896175
0.209356
0.601638
0.281852
0.321696
0.829331
0.908128
0.687230
0.422567
0.598482
0.733546
0.563840
0.306321
0.273455
0.410230
0.720555
0.537667
0.360010
0.396274
0.963435
0.113686
0.104911
0.057819
0.239225
0.775792
0.789464
0.950523
0.518024
0.799378
0.664763
0.544848
0.979142
0.414973
0.954694
0.208373
0.269689
0.171930
0.152700
0.528087
0.881173
0.873610
0.729628
0.967910
0.325663
0.544540
0.548698
0.210354
0.345668
0.406691
0.197878
0.885995
0.569617
0.501793
0.053333
0.054621
0.594562
0.836130
0.766305
0.380706
0.026736
0.852286
0.338128
0.188809
0.801652
0.548447
0.691102
0.334991
0.532951
0.161254
0.386086
0.475171
0.986645
0.817052
0.342501
0.817475
0.800854
0.501431
0.358558
0.251321
0.859174
0.726713
0.709848
0.243176
0.933777
0.467455
0.138814
0.941540
0.109603
0.501141
0.111061
0.699521
0.566125
0.867339
0.658539
0.937565
0.371195
0.791761
0.120310
0.485198
0.704414
0.633620
0.060550
0.917737
0.685327
0.900432
0.299668
0.620442
0.248442
0.954442
0.404398
0.772551
0.100778
0.448364
0.389322
0.861848
0.723338
0.017861
0.758738
0.508665
0.541608
0.419686
0.519197
0.332738
0.062000
0.918792
0.194502
0.749545
0.814455
0.068039
0.397840
0.590244
0.300031
0.739289
0.385746
0.907720
0.468957
0.088650
0.385273
0.427426
0.874653
0.817987
0.093305
0.386007
0.482944
0.434417
0.194478
0.954132
0.885929
0.318909
0.168710
0.262796
0.193992
0.897839
0.353928
0.670766
0.510175
0.974421
0.191076
0.778571
0.279276
0.619521
0.130810
0.397616
0.624804
0.932245
0.159008
0.155348
0.259989
0.351305
0.575804
0.964420
0.738078
0.265091
0.638971
0.283703
0.892795
0.351858
0.626808
0.856134
0.234418
0.333136
0.614453
0.244058
0.365996
0.081669
0.263748
0.227916
0.123081
0.518505
0.030097
0.112248
0.922532
0.106840
0.362525
0.102470
0.404963
0.978146
0.454724
0.474317
0.372161
0.328429
0.472201
0.073810
0.696598
0.543378
0.070628
0.006568
0.701599
0.061928
0.866783
0.103350
0.201943
0.123644
0.416275
0.539011
0.274193
0.627420
0.031695
0.052680
0.226166
0.781723
0.991056
0.388222
0.589765
0.511274
0.516954
0.598124
0.156719
0.143102
0.511286
0.622022
0.270721
0.545682
0.607601
0.105109
0.088765
0.608417
0.759995
0.640505
0.105454
0.112357
0.980950
0.667217
0.346640
0.544170
0.520017
0.411660
0.503235
0.980568
0.239890
0.521224
0.566464
0.046628
0.313998
0.064710
0.568411
0.313130
0.589643
0.188408
0.156048
0.036921
0.529973
0.701608
0.892622
0.685115
0.776791
0.085942
0.290353
0.212682
0.991818
0.257806
0.078342
0.990872
0.326018
0.189284
0.195901
0.459806
0.066698
0.425466
0.824217
0.771216
0.328746
0.065093
0.259559
0.776725
0.947479
0.230162
0.956201
0.805637
0.810840
0.245395
0.840015
0.633858
0.892875
0.442244
0.878752
0.860018
0.949583
0.131538
0.328061
0.744746
0.697640
0.799811
0.191058
0.943524
0.765778
0.004259
0.544409
0.347735
0.618728
0.853957
0.669072
0.423597
0.426263
0.445794
0.252581
0.136073
0.626557
0.864297
0.985730
0.068606
0.503030
0.902706
0.106386
0.353993
0.542990
0.445748
0.583835
0.296798
0.483393
0.668373
0.511305
0.778642
0.821560
0.098141
0.743177
0.787087
0.348732
0.320077
0.674452
0.877192
0.160250
0.253535
0.554840
0.441721
0.634298
0.566119
0.465325
0.964919
0.790892
0.079099
0.923656
0.764992
0.540263
0.335756
0.471221
0.427021
0.241674
0.792513
0.830916
0.231617
0.691360
0.603546
0.317011
0.345670
0.472752
0.785276
0.111933
0.088844
0.556175
0.433042
0.019205
0.109539
0.630349
0.683850
0.111422
0.178401
0.401635
0.919943
0.640139
0.491428
0.328144
0.225612
0.581840
0.413841
0.057987
0.285669
0.577994
0.856646
0.762989
0.633666
0.790713
0.013692
0.448550
0.684184
0.720828
0.591980
0.780355
0.483320
0.356607
0.275248
0.772723
0.594695
0.567272
0.028901
0.641032
0.580258
0.104664
0.361961
0.439676
0.723646
0.032859
0.445687
0.538263
0.275818
0.335140
0.259579
0.607581
0.725598
0.934214
0.232056
0.446779
0.552430
0.834127
0.973236
0.465857
0.849085
0.565158
0.340690
0.237457
0.875869
0.105299
0.115373
0.533982
0.013202
0.300443
0.633961
0.675316
0.868864
0.366907
0.523837
0.305652
0.053235
0.601209
0.196853
0.596800
0.560562
0.300517
0.372795
0.898491
0.687789
0.794241
0.517905
0.265309
0.483412
0.937211
0.198957
0.839740
0.213974
0.284176
0.911049
0.975025
0.820295
0.429899
0.601134
0.019051
0.815807
0.576077
0.523312
0.156209
0.530366
0.821980
0.913041
0.207973
0.806128
0.572070
0.327681
0.633018
0.382589
0.868159
0.563148
0.499085
0.819612
0.660568
0.194128
0.375661
0.341003
0.757735
0.845170
0.331104
0.455069
0.895333
0.682537
0.252829
0.224704
0.699076
0.530528
0.907099
0.092887
0.448998
0.083996
0.318321
0.264899
0.283543
0.008652
0.878099
0.731456
0.221683
0.589255
0.598726
0.882073
0.774275
0.507094
0.831560
0.640426
0.978878
0.729226
0.775653
0.917605
0.499971
0.734460
0.242463
0.105770
0.369758
0.309949
0.961835
0.909024
0.982420
0.178560
0.828199
0.415077
0.200286
0.302230
0.819561
0.127683
0.524994
0.721896
0.782148
0.009442
0.882777
0.996615
0.739538
0.316902
0.902566
0.233400
0.995689
0.555846
0.912969
0.811908
0.533133
0.704981
0.009549
0.615267
0.610865
0.416392
0.018943
0.093961
0.697346
0.346997
0.333523
0.331390
0.922001
0.276110
0.615451
0.253628
0.403959
0.458593
0.353140
0.127591
0.054960
0.900481
0.880350
0.928455
0.343957
0.319555
0.106328
0.074563
0.066160
0.015757
0.127397
0.688023
0.291994
0.889658
0.602871
0.009606
0.663376
0.308004
0.011177
0.713759
0.528089
0.876001
0.797470
0.562248
0.691159
0.001237
0.474934
0.493218
0.143112
0.375553
0.096711
0.962012
0.538116
0.098199
0.039600
0.344825
0.765753
0.721032
0.395880
0.908021
0.681397
0.167302
0.546984
0.534515
0.566413
0.392254
0.534765
0.226137
0.137375
0.640184
0.901504
0.685289
0.419259
0.957621
0.499295
0.185412
0.658344
0.678353
0.158206
0.069863
0.358530
0.358658
0.425883
0.118080
0.593020
0.465918
0.066210
0.881184
0.668459
0.145750
0.367811
0.932125
0.523258
0.229936
0.119259
0.711716
0.593512
0.244266
0.198499
0.038167
0.403125
0.025854
0.714308
0.827616
0.887987
0.841045
0.894152
0.571091
0.111461
0.452934
0.992753
0.707575
0.040425
0.160407
0.128607
0.656548
0.301994
0.837223
0.272616
0.324815
0.564984
0.359254
0.814716
0.228581
0.276811
0.891827
0.940431
0.086063
0.908863
0.979707
0.139011
0.189138
0.605779
0.427251
0.598821
0.532361
0.301264
0.147472
0.293480
0.562000
0.356033
0.077259
0.314587
0.245381
0.424322
0.355478
0.983991
0.284888
0.604107
0.602898
0.016037
0.345585
0.945843
0.280977
0.018171
0.344200
0.289362
0.687063
0.433115
0.016935
0.429508
0.134057
0.600080
0.001061
0.883305
0.336065
0.425197
0.888682
0.756167
0.236196
0.272307
0.289931
0.391515
0.608005
0.606648
0.909718
0.555796
0.836689
0.743578
0.343969
0.455374
0.346231
0.113262
0.536194
0.362096
0.449913
0.462623
0.533754
0.665747
0.971152
0.011129
0.602859
0.810912
0.452322
0.673929
0.538903
0.631737
0.621048
0.503603
0.527956
0.050018
0.575678
0.433766
0.894596
0.480342
0.570194
0.679879
0.352740
0.593100
0.475426
0.683250
0.732413
0.773456
0.397343
0.162622
0.805161
0.725692
0.093969
0.687629
0.419427
0.471659
0.690413
0.326457
0.332060
0.521070
0.111252
0.937120
0.921719
0.296321
0.449385
0.900976
0.591215
0.395463
0.770092
0.064188
0.169830
0.080555
0.820778
0.250116
0.810149
0.708115
0.601469
0.216889
0.719488
0.358097
0.203866
0.385906
0.843347
0.759201
0.740175
0.629030
0.875474
0.007247
0.879634
0.863477
0.652697
0.945448
0.768498
0.816360
0.944316
0.147948
0.646787
0.368853
0.296764
0.659127
0.154390
0.701401
0.828662
0.480462
0.793120
0.888284
0.071359
0.741354
0.463282
0.270124
0.925098
0.238565
0.703385
0.434351
0.260510
0.684063
0.167235
0.443644
0.274011
0.123787
0.200830
0.953670
0.981288
0.956690
0.413654
0.145294
0.015766
0.415986
0.177381
0.622735
0.612291
0.848401
0.025889
0.498998
0.922912
0.916942
0.650389
0.265977
0.513517
0.785112
0.552529
0.947157
0.201412
0.111465
0.653381
0.383434
0.923805
0.191559
0.070911
0.697457
0.218251
0.837652
0.648332
0.129207
0.158701
0.769099
0.916261
0.289779
0.699621
0.511975
0.957768
0.240831
0.583046
0.491278
0.849541
0.259057
0.676819
0.940961
0.087315
0.939737
0.485376
0.334145
0.359049
0.240027
0.431995
0.935030
0.435218
0.752286
0.391521
0.828800
0.550523
0.764854
0.158758
0.835176
0.560363
0.470219
0.205089
0.973149
0.725161
0.845113
0.652743
0.063491
0.488735
0.843057
0.289678
0.517528
0.407852
0.685161
0.194144
0.188008
0.351661
0.878783
0.667311
0.391480
0.053528
0.367854
0.144152
0.452959
0.263044
0.043408
0.115424
0.499316
0.109346
0.359523
0.779081
0.174285
0.978452
0.367784
0.001607
0.542156
0.529892
0.244492
0.864472
0.377725
0.436560
0.549832
0.243553
0.469832
0.322596
0.409184
0.739735
0.215034
0.168625
0.939495
0.792827
0.202689
0.398483
0.834568
0.344004
0.143356
0.281883
0.969730
0.611562
0.101845
0.197287
0.952464
0.622145
0.131276
0.408868
0.089382
0.901206
0.716351
0.605746
0.019034
0.324572
0.046825
0.522022
0.543494
0.036749
0.322287
0.305979
0.498917
0.737640
0.371092
0.415979
0.016946
0.396478
0.501209
0.689728
0.445783
0.562910
0.201527
0.608065
0.175390
0.559656
0.994212
0.062092
0.244852
0.660285
0.395531
0.925043
0.638659
0.440386
0.500072
0.705164
0.313929
0.403386
0.749284
0.642575
0.156077
0.891638
0.061163
0.739432
0.872470
0.418546
0.073448
0.100410
0.820871
0.889359
0.006527
0.759286
0.031435
0.873494
0.796061
0.588376
0.771784
0.157683
0.324695
0.235845
0.466863
0.458090
0.973301
0.850730
0.348360
0.699702
0.346668
0.653400
0.572859
0.418540
0.295249
0.587297
0.987992
0.189118
0.109336
0.382383
0.665103
0.394155
0.697577
0.538422
0.577315
0.046743
0.007398
0.424348
0.195659
0.014128
0.321738
0.500981
0.698890
0.680102
0.367786
0.608715
0.726016
0.721989
0.303318
0.582762
0.583156
0.293425
0.978186
0.301305
0.257113
0.856363
0.061980
0.611031
0.377885
0.994292
0.057092
0.084011
0.635252
0.535478
0.748932
0.333208
0.399633
0.498448
0.710463
0.252658
0.089064
0.935351
0.475316
0.841672
0.608766
0.556283
0.826557
0.389640
0.862872
0.689182
0.856995
0.301191
0.339184
0.628567
0.851378
0.827446
0.005710
0.597366
0.449373
0.269470
0.049966
0.821847
0.751722
0.759690
0.957784
0.322281
0.102006
0.219345
0.274166
0.350161
0.333212
0.342427
0.080967
0.688931
0.689129
0.175186
0.456422
0.327100
0.021459
0.011578
0.621337
0.251944
0.441436
0.139034
0.406266
0.233243
0.162507
0.519542
0.023691
0.846684
0.253321
0.024829
0.097283
0.760412
0.113827
0.795634
0.503467
0.400285
0.627783
0.431780
0.075593
0.835439
0.961512
0.006841
0.022138
0.786298
0.406232
0.746297
0.780879
0.462278
0.919596
0.664869
0.757987
0.756252
0.823558
0.387536
0.015925
0.260798
0.602430
0.476635
0.372908
0.883577
0.424059
0.677726
0.233134
0.001007
0.076179
0.316892
0.826279
0.256676
0.532823
0.685931
0.213417
0.835254
0.644826
0.346960
0.104965
0.233502
0.383848
0.801390
0.902437
0.945192
0.110583
0.601486
0.831003
0.652762
0.150198
0.671329
0.728853
0.861115
0.882681
0.391989
0.379462
0.235691
0.136152
0.951662
0.093546
0.472425
0.354704
0.415655
0.635551
0.187542
0.757428
0.140299
0.062492
0.589190
0.067286
0.006010
0.905695
0.290509
0.623187
0.131713
0.940517
0.638439
0.624886
0.176285
0.033346
0.462123
0.887252
0.027230
0.571114
0.314597
0.717199
0.965284
0.847936
0.109198
0.774340
0.071829
0.647637
0.163029
0.937817
0.731880
0.161077
0.555406
0.615198
0.667598
0.852419
0.592139
0.750517
0.729195
0.037071
0.969499
0.776910
0.456438
0.938297
0.406145
0.533605
0.936034
0.846927
0.730421
0.590120
0.234302
0.979461
0.232597
0.719405
0.285929
0.772352
0.425217
0.658413
0.010730
0.421834
0.733585
0.277680
0.416177
0.404175
0.614682
0.181492
0.415085
0.788582
0.842210
0.136131
0.025248
0.848803
0.935515
0.558499
0.522892
0.787959
0.232557
0.430937
0.384585
0.232351
0.147959
0.646045
0.405543
0.440007
0.084623
0.078519
0.353372
0.770055
0.265227
0.633830
0.164953
0.800813
0.263872
0.711129
0.197653
0.812958
0.069283
0.476111
0.203729
0.103266
0.948930
0.495866
0.926186
0.407872
0.068416
0.795858
0.934372
0.916981
0.683153
0.380115
0.513221
0.926947
0.144224
0.018176
0.557123
0.624411
0.528130
0.380141
0.498833
0.817904
0.321926
0.242005
0.444181
0.075108
0.707619
0.973121
0.740729
0.974080
0.014527
0.861133
0.324783
0.542192
0.183069
0.739694
0.062437
0.756554
0.109667
0.384429
0.316744
0.186888
0.624103
0.440724
0.508036
0.388654
0.015676
0.771467
0.300814
0.071686
0.496973
0.005964
0.580621
0.910757
0.275382
0.382656
0.448734
0.966141
0.790585
0.698767
0.921200
0.344388
0.692297
0.797194
0.218852
0.281128
0.738603
0.394010
0.505105
0.036402
0.451185
0.676928
0.945812
0.684712
0.979091
0.585225
0.662942
0.940495
0.261891
0.587994
0.417682
0.204068
0.320224
0.691377
0.220514
0.718131
0.270078
0.071131
0.830781
0.198781
0.950384
0.726643
0.389066
0.675746
0.442295
0.983262
0.186828
0.953658
0.005093
0.849752
0.641678
0.070872
0.098629
0.413033
0.277006
0.827784
0.782301
0.733434
0.069281
0.240408
0.935391
0.753938
0.381280
0.477882
0.491813
0.204021
0.993046
0.721850
0.698444
0.726389
0.379384
0.064378
0.584916
0.711319
0.072041
0.522620
0.469888
0.214294
0.678625
0.569590
0.978326
0.564991
0.998538
0.820914
0.956514
0.270351
0.106381
0.843955
0.680370
0.624574
0.716638
0.117666
0.848512
0.609572
0.672159
0.503518
0.678593
0.430140
0.966054
0.379702
0.151024
0.968141
0.223496
0.092203
0.932541
0.035628
0.853592
0.473909
0.483846
0.596019
0.548003
0.856275
0.193817
0.651933
0.684587
0.635160
0.381574
0.303379
0.160446
0.614501
0.417719
0.468531
0.233489
0.582938
0.202277
0.307669
0.310089
0.839634
0.177202
0.779858
0.194557
0.455071
0.981925
0.057501
0.411761
0.047749
0.415651
0.162752
0.848121
0.435906
0.309351
0.805553
0.821099
0.415691
0.024056
0.744920
0.670826
0.374589
0.486500
0.574210
0.303173
0.670536
0.836804
0.276809
0.971512
0.140053
0.504222
0.885751
0.284974
0.321426
0.550260
0.437396
0.829020
0.787736
0.164303
0.220497
0.425425
0.051161
0.946255
0.675696
0.649200
0.713837
0.118869
0.961432
0.957543
0.138329
0.225790
0.425149
0.433111
0.189213
0.353467
0.532503
0.393957
0.262359
0.777554
0.854388
0.073132
0.054415
0.927222
0.447673
0.251966
0.641020
0.354042
0.766235
0.832979
0.845663
0.434706
0.179276
0.681682
0.944997
0.800416
0.596164
0.501557
0.665855
0.038448
0.628550
0.352514
0.052111
0.797774
0.908891
0.390041
0.923929
0.332358
0.103828
0.298271
0.353386
0.399244
0.550933
0.619053
0.949420
0.509058
0.014833
0.822864
0.761445
0.873288
0.637134
0.497414
0.811698
0.086534
0.998863
0.426524
0.449032
0.193809
0.946864
0.814931
0.456016
0.020817
0.623633
0.496346
0.166899
0.045250
0.436841
0.004786
0.458082
0.173754
0.075399
0.768701
0.947447
0.955179
0.982685
0.408743
0.936716
0.916892
0.266885
0.069399
0.582698
0.372937
0.642785
0.609273
0.543255
0.363943
0.498764
0.631075
0.668610
0.966208
0.525755
0.016700
0.989267
0.421906
0.735890
0.900157
0.020979
0.923027
0.083315
0.147784
0.918580
0.003061
0.467538
0.389654
0.315896
0.093475
0.221343
0.988198
0.993415
0.856967
0.801276
0.580159
0.099911
0.466188
0.564386
0.678030
0.588422
0.681162
0.104051
0.598475
0.990356
0.004434
0.513703
0.995918
0.740812
0.337076
0.442439
0.732229
0.410052
0.528498
0.976807
0.763212
0.127240
0.675651
0.034903
0.761471
0.025380
0.996321
0.051622
0.951208
0.662166
0.152822
0.380328
0.684886
0.251826
0.496585
0.768007
0.497945
0.062051
0.821142
0.641484
0.719400
0.524441
0.306316
0.009610
0.191242
0.101691
0.815134
0.565721
0.658309
0.666494
0.958931
0.667670
0.837717
0.341382
0.375811
0.813442
0.214351
0.714752
0.953630
0.934261
0.320965
0.288389
0.541124
0.392393
0.350263
0.156782
0.247340
0.097222
0.165498
0.139385
0.988087
0.319719
0.508493
0.119669
0.643611
0.008084
0.352732
0.293913
0.489307
0.847234
0.060187
0.289595
0.960958
0.035803
0.035828
0.696772
0.418363
0.848288
0.028519
0.933685
0.393786
0.537380
0.349784
0.117640
0.351713
0.158097
0.118979
0.862350
0.593415
0.463611
0.628240
0.768947
0.555024
0.062179
0.580607
0.507244
0.996979
0.150206
0.111332
0.609245
0.419588
0.085464
0.849613
0.584148
0.911517
0.892438
0.475022
0.697690
0.137067
0.746933
0.220123
0.723402
0.877511
0.238449
0.337881
0.003675
0.879474
0.687974
0.370040
0.312281
0.410629
0.884290
0.969050
0.794841
0.645447
0.641783
0.237974
0.885181
0.554727
0.353411
0.798011
0.204845
0.529150
0.647219
0.960411
0.433385
0.962682
0.784537
0.881095
0.026974
0.295564
0.402382
0.504371
0.196361
0.220377
0.470233
0.745756
0.574435
0.237141
0.266158
0.132212
0.359271
0.931303
0.102856
0.300558
0.997609
0.835535
0.867064
0.539911
0.577591
0.417758
0.948866
0.434519
0.183682
0.919941
0.633062
0.277830
0.698357
0.983150
0.914852
0.088443
0.784285
0.915481
0.070878
0.761021
0.069099
0.078907
0.118173
0.939446
0.572600
0.280563
0.682138
0.192581
0.422746
0.133574
0.249078
0.574367
0.287233
0.085483
0.319537
0.507079
0.521259
0.632165
0.995367
0.373539
0.127822
0.107202
0.933522
0.180695
0.200309
0.180877
0.462973
0.731747
0.009143
0.479076
0.093030
0.997836
0.734080
0.925856
0.320997
0.232090
0.561952
0.167286
0.938581
0.288324
0.860727
0.074003
0.610962
0.999938
0.805794
0.141507
0.030790
0.609727
0.041112
0.901475
0.551543
0.902506
0.054558
0.798331
0.121426
0.652836
0.600283
0.612786
0.765348
0.418618
0.633679
0.462383
0.932887
0.664615
0.031909
0.564203
0.702847
0.487800
0.282725
0.443402
0.416911
0.375853
0.641862
0.172221
0.785952
0.818762
0.283648
0.235821
0.788485
0.922714
0.348346
0.273631
0.152755
0.322987
0.510848
0.406976
0.393558
0.988638
0.845677
0.759525
0.726565
0.155154
0.863403
0.286612
0.906294
0.623485
0.829738
0.792827
0.296994
0.110663
0.169841
0.743820
0.576012
0.828258
0.024458
0.579732
0.705170
0.399873
0.450086
0.102895
0.799564
0.079444
0.078316
0.050904
0.808768
0.311860
0.832775
0.417837
0.561116
0.886453
0.068363
0.489290
0.005967
0.623104
0.719382
0.077875
0.893628
0.824063
0.457477
0.171390
0.778188
0.864177
0.091323
0.752316
0.147880
0.804631
0.161217
0.343733
0.107087
0.282970
0.459918
0.759137
0.585656
0.798917
0.723391
0.775588
0.829846
0.041765
0.040358
0.642888
0.231779
0.580556
0.032073
0.393065
0.497933
0.414945
0.459648
0.881602
0.177905
0.704648
0.412828
0.554507
0.703241
0.360065
0.280349
0.541966
0.132955
0.516532
0.194085
0.022285
0.627623
0.805427
0.146814
0.589947
0.079980
0.969449
0.281547
0.308488
0.583434
0.668045
0.590049
0.230816
0.911220
0.503914
0.516355
0.919385
0.802146
0.420739
0.379893
0.603912
0.586533
0.902945
0.963438
0.594749
0.703286
0.558285
0.027164
0.336091
0.105653
0.412218
0.840833
0.511733
0.978437
0.567302
0.386371
0.568423
0.511308
0.936279
0.624208
0.868782
0.252261
0.805642
0.245281
0.332258
0.109846
0.121846
0.434762
0.919842
0.121103
0.378382
0.280424
0.571871
0.595930
0.444951
0.411225
0.565583
0.431398
0.123993
0.352090
0.869732
0.389591
0.537917
0.244176
0.393000
0.227701
0.700185
0.852229
0.830769
0.958116
0.666916
0.729449
0.033035
0.374902
0.442866
0.815310
0.797141
0.180245
0.236937
0.413332
0.379512
0.232541
0.679174
0.006175
0.670987
0.755620
0.420420
0.930552
0.205956
0.431714
0.563314
0.627543
0.211990
0.803049
0.084976
0.221549
0.583022
0.012689
0.734670
0.846545
0.054736
0.750558
0.778274
0.431969
0.389200
0.600673
0.500300
0.971916
0.136497
0.343552
0.194522
0.379991
0.031298
0.604951
0.679904
0.732151
0.022715
0.418733
0.909962
0.443202
0.644619
0.487621
0.857634
0.270735
0.079611
0.532035
0.426728
0.994511
0.939057
0.909402
0.742561
0.938270
0.691061
0.107960
0.490061
0.193092
0.959364
0.139515
0.648705
0.132704
0.317315
0.513124
0.453314
0.667641
0.963155
0.782966
0.019602
0.207779
0.396002
0.187343
0.667570
0.704767
0.933725
0.561848
0.708569
0.089639
0.753893
0.596087
0.584204
0.904634
0.811799
0.913219
0.999563
0.511794
0.950818
0.472936
0.696200
0.833934
0.745572
0.719823
0.983570
0.127037
0.151600
0.141397
0.595782
0.453481
0.153816
0.972603
0.412549
0.225200
0.836819
0.859368
0.524368
0.762196
0.190124
0.992104
0.864195
0.383607
0.247235
0.341018
0.511714
0.130727
0.696473
0.788449
0.735265
0.055398
0.616749
0.558313
0.909271
0.963904
0.297656
0.052083
0.891811
0.526895
0.070696
0.500955
0.700616
0.132969
0.796554
0.330818
0.351231
0.725430
0.900655
0.045438
0.024808
0.235484
0.543918
0.463781
0.487580
0.086140
0.843467
0.221467
0.814029
0.571105
0.339443
0.743444
0.636180
0.262883
0.971511
0.464886
0.503359
0.138084
0.474831
0.041725
0.633216
0.885592
0.597193
0.139844
0.857837
0.492149
0.939226
0.890152
0.720116
0.864326
0.162343
0.105825
0.121557
0.871673
0.573873
0.558473
0.063380
0.832279
0.102395
0.265166
0.369071
0.554572
0.498528
0.346633
0.476563
0.579863
0.434560
0.885288
0.119469
0.303123
0.135427
0.328068
0.315675
0.050858
0.482053
0.523864
0.206870
0.539486
0.446934
0.584912
0.651346
0.877170
0.662195
0.823353
0.570928
0.615679
0.494540
0.974351
0.789870
0.260788
0.639352
0.848658
0.887589
0.745680
0.785955
0.755248
0.973803
0.029039
0.020079
0.436217
0.135295
0.034575
0.799883
0.908647
0.213177
0.569400
0.658406
0.991294
0.655621
0.858227
0.272924
0.574961
0.158074
0.967267
0.159719
0.894217
0.246639
0.919569
0.935658
0.183243
0.948271
0.326031
0.111225
0.857536
0.140507
0.814552
0.261109
0.412882
0.289148
0.256360
0.365628
0.083386
0.615805
0.223709
0.354794
0.901305
0.763050
0.598941
0.413178
0.566981
0.286626
0.714803
0.395229
0.028094
0.673669
0.463603
0.949504
0.718172
0.797589
0.438558
0.683892
0.355818
0.873774
0.788758
0.074867
0.812857
0.688536
0.061677
0.075268
0.408545
0.680351
0.917577
0.785234
0.008147
0.475729
0.607247
0.331653
0.090402
0.348068
0.515488
0.731259
0.683864
0.416346
0.029127
0.548159
0.645836
0.172350
0.307460
0.025039
0.404108
0.572921
0.950976
0.018060
0.857565
0.005681
0.199294
0.667256
0.942182
0.539220
0.482543
0.153906
0.993352
0.397540
0.178610
0.334485
0.215435
0.559494
0.088617
0.805720
0.449918
0.655880
0.017102
0.562843
0.754014
0.087594
0.040616
0.827626
0.893772
0.522386
0.731894
0.455440
0.565355
0.360093
0.723214
0.843813
0.959074
0.509096
0.557658
0.709192
0.769762
0.934801
0.783469
0.469545
0.500277
0.046309
0.651741
0.588416
0.530855
0.928733
0.723450
0.412355
0.721734
0.620097
0.082752
0.668299
0.509072
0.363200
0.776350
0.270254
0.009838
0.866915
0.131403
0.441109
0.077019
0.791934
0.299816
0.348045
0.797259
0.143426
0.067341
0.696157
0.594295
0.150708
0.538496
0.121471
0.637141
0.654023
0.064974
0.624252
0.761345
0.698795
0.698100
0.496797
0.958844
0.669360
0.380316
0.264926
0.003642
0.576808
0.853184
0.735824
0.251899
0.855420
0.880599
0.708294
0.050284
0.933387
0.996698
0.087544
0.306898
0.111100
0.274292
0.221523
0.366587
0.192423
0.806278
0.089715
0.995708
0.357055
0.535928
0.259327
0.692938
0.506620
0.919395
0.116937
0.441403
0.105750
0.103176
0.535111
0.127716
0.238600
0.700008
0.184310
0.049490
0.921344
0.588218
0.259723
0.638213
0.923968
0.508569
0.005599
0.025135
0.554611
0.224912
0.736389
0.118175
0.927553
0.994843
0.127957
0.045179
0.026002
0.598999
0.731301
0.355819
0.400503
0.350538
0.193309
0.103491
0.163731
0.963669
0.568654
0.536382
0.481827
0.901465
0.418407
0.281247
0.954935
0.755211
0.675507
0.998286
0.314063
0.100893
0.975188
0.224066
0.432316
0.251172
0.493428
0.205780
0.724738
0.086554
0.300551
0.104511
0.208071
0.753212
0.273120
0.710312
0.315090
0.188980
0.508511
0.756493
0.650478
0.514046
0.789076
0.328261
0.535206
0.546677
0.333605
0.666550
0.892009
0.785426
0.436209
0.739869
0.765939
0.284680
0.164784
0.069451
0.008219
0.203594
0.201375
0.154082
0.541818
0.353058
0.626624
0.818276
0.915958
0.394002
0.905973
0.710044
0.016877
0.565519
0.994982
0.886575
0.802305
0.266489
0.522046
0.424087
0.066275
0.747137
0.631699
0.899857
0.265392
0.371491
0.240814
0.579911
0.845718
0.386253
0.155749
0.099945
0.491767
0.510199
0.547581
0.096732
0.797702
0.040139
0.117544
0.425855
0.520525
0.037904
0.211105
0.819282
0.528647
0.703506
0.748800
0.901318
0.233591
0.993176
0.696429
0.309353
0.137237
0.582962
0.222879
0.463142
0.103978
0.696374
0.273947
0.658120
0.138630
0.695782
0.071178
0.905120
0.053412
0.777746
0.644474
0.147617
0.222967
0.415733
0.242669
0.376491
0.070278
0.141762
0.755206
0.610404
0.460680
0.146819
0.886844
0.253703
0.837916
0.445471
0.764548
0.908196
0.772686
0.214829
0.052178
0.064174
0.993496
0.287479
0.190222
0.176271
0.208998
0.039207
0.280892
0.899193
0.095273
0.298637
0.471397
0.855480
0.341303
0.387672
0.876569
0.830376
0.488623
0.378091
0.388020
0.567279
0.218515
0.536377
0.560748
0.470552
0.180109
0.628643
0.088719
0.919576
0.404961
0.052568
0.186873
0.168617
0.934404
0.760432
0.560478
0.921222
0.203743
0.020971
0.359724
0.072483
0.743930
0.666933
0.475710
0.395858
0.229208
0.385806
0.609823
0.788042
0.392696
0.725863
0.574537
0.549275
0.665628
0.432020
0.819086
0.588826
0.822472
0.734036
0.884633
0.309058
0.623266
0.982016
0.044460
0.672697
0.489149
0.144849
0.367704
0.400784
0.298761
0.071583
0.990827
0.452084
0.244394
0.403205
0.137816
0.954264
0.539034
0.644749
0.558787
0.697219
0.353138
0.106246
0.892315
0.352368
0.708753
0.181703
0.512113
0.525802
0.877873
0.598084
0.008489
0.764629
0.308654
0.083527
0.920723
0.955792
0.750877
0.315779
0.329171
0.895320
0.852802
0.142730
0.825529
0.814879
0.371601
0.886346
0.401055
0.593767
0.082237
0.709013
0.719132
0.627803
0.959907
0.686071
0.602065
0.691188
0.338129
0.551867
0.152895
0.275657
0.482128
0.764018
0.848590
0.583326
0.679494
0.616882
0.624647
0.153724
0.955880
0.688800
0.825474
0.031405
0.923754
0.542433
0.483258
0.498189
0.553277
0.992551
0.792646
0.729110
0.793701
0.635840
0.815499
0.628889
0.501286
0.158323
0.136236
0.831010
0.423231
0.160236
0.460986
0.107192
0.566029
0.666233
0.406956
0.677195
0.854274
0.001148
0.061913
0.505275
0.776387
0.897106
0.552357
0.950293
0.114438
0.240934
0.846631
0.910190
0.646908
0.863969
0.451011
0.596879
0.729974
0.993477
0.283897
0.707303
0.957708
0.941466
0.496523
0.824870
0.853296
0.515444
0.635870
0.823909
0.517247
0.510939
0.745941
0.099757
0.683081
0.023706
0.401828
0.106309
0.139494
0.520826
0.345638
0.542124
0.757054
0.312603
0.711780
0.303705
0.502334
0.185126
0.110914
0.063375
0.132010
0.859333
0.136157
0.847003
0.592140
0.824072
0.975532
0.253491
0.740798
0.619731
0.134952
0.992212
0.864027
0.925646
0.038331
0.731557
0.114534
0.437473
0.612615
0.170193
0.398942
0.268432
0.915472
0.035485
0.473064
0.628159
0.967690
0.545839
0.527700
0.329776
0.055554
0.333564
0.275781
0.266329
0.466941
0.889439
0.331075
0.362250
0.173695
0.763925
0.679487
0.528250
0.305004
0.610925
0.291762
0.653405
0.360453
0.150065
0.255075
0.284408
0.760330
0.944558
0.000221
0.935993
0.400589
0.417616
0.449418
0.932199
0.867538
0.864392
0.174090
0.363600
0.815156
0.005383
0.520976
0.601954
0.681554
0.139007
0.308010
0.078554
0.962606
0.734710
0.984767
0.284494
0.410144
0.408026
0.381597
0.781936
0.064071
0.017516
0.547716
0.331879
0.296901
0.831448
0.156386
0.815039
0.358198
0.116374
0.397637
0.815040
0.916484
0.428847
0.753380
0.551711
0.446240
0.424030
0.951568
0.934616
0.630533
0.603826
0.754201
0.876236
0.110967
0.238629
0.802513
0.686864
0.297884
0.618699
0.564349
0.331418
0.508600
0.508850
0.733968
0.775575
0.280681
0.603595
0.361532
0.054664
0.683429
0.106418
0.721639
0.618805
0.893613
0.440044
0.859081
0.210153
0.197892
0.472649
0.687990
0.004955
0.304673
0.348058
0.642319
0.452499
0.094177
0.600426
0.592830
0.261768
0.640259
0.450183
0.021688
0.240218
0.682735
0.905941
0.112647
0.135961
0.930448
0.416150
0.388679
0.891180
0.252245
0.324639
0.129862
0.218241
0.438507
0.915126
0.197113
0.941151
0.045832
0.983567
0.758548
0.393065
0.172616
0.195524
0.427330
0.330668
0.188725
0.510959
0.858907
0.008721
0.448072
0.926009
0.963495
0.312396
0.382127
0.251713
0.412332
0.841781
0.720691
0.230541
0.725266
0.105703
0.074940
0.191436
0.390920
0.778429
0.599288
0.763678
0.649455
0.705550
0.003860
0.399280
0.501441
0.218990
0.037168
0.543865
0.974034
0.604000
0.639952
0.918781
0.586763
0.903555
0.935814
0.985765
0.284405
0.257761
0.983711
0.289842
0.598478
0.653813
0.128970
0.660118
0.944522
0.558610
0.654595
0.310818
0.735449
0.997382
0.667592
0.651692
0.437004
0.719162
0.050350
0.090672
0.749858
0.878161
0.682217
0.934199
0.132334
0.773837
0.110281
0.301819
0.476889
0.180568
0.956866
0.879967
0.651084
0.196218
0.939216
0.085266
0.272313
0.122749
0.316046
0.088712
0.345911
0.865529
0.370431
0.260836
0.530125
0.652254
0.730466
0.089709
0.378438
0.530894
0.279431
0.847664
0.349734
0.673143
0.412351
0.415877
0.811827
0.613767
0.527577
0.626453
0.883499
0.892701
0.543574
0.177206
0.023739
0.919836
0.087672
0.389549
0.915045
0.891109
0.294989
0.619330
0.244276
0.559797
0.674470
0.191506
0.195108
0.748752
0.032995
0.730661
0.250083
0.119103
0.692775
0.397535
0.581908
0.062583
0.558146
0.838452
0.294076
0.889892
0.061021
0.929448
0.845342
0.744225
0.245596
0.694627
0.839029
0.969034
0.248146
0.662190
0.530412
0.723109
0.686101
0.393634
0.335156
0.775843
0.174153
0.721756
0.875338
0.256211
0.255771
0.353693
0.883483
0.165830
0.555866
0.159978
0.436134
0.565369
0.672290
0.683467
0.562682
0.482365
0.895704
0.477476
0.664294
0.820206
0.221326
0.640358
0.911094
0.641158
0.148390
0.614324
0.116415
0.275792
0.601997
0.750955
0.528230
0.456340
0.930802
0.840354
0.287374
0.313373
0.465983
0.295969
0.469471
0.615541
0.057963
0.570213
0.612184
0.558237
0.341773
0.558584
0.703798
0.006731
0.930618
0.518783
0.105777
0.767488
0.672189
0.521345
0.718432
0.354099
0.996201
0.871448
0.107465
0.787374
0.441816
0.655499
0.659201
0.614622
0.355351
0.668320
0.348997
0.959876
0.208407
0.845267
0.781428
0.154777
0.388458
0.927933
0.831401
0.152232
0.218897
0.335703
0.920202
0.807133
0.753679
0.243856
0.716558
0.322916
0.844733
0.054205
0.558721
0.378217
0.975689
0.275929
0.461461
0.516969
0.874603
0.088760
0.899249
0.739431
0.590012
0.748497
0.131805
0.104402
0.490496
0.603181
0.583451
0.293710
0.392998
0.198459
0.931160
0.726015
0.200094
0.250017
0.385179
0.953236
0.161146
0.300786
0.067189
0.066673
0.708002
0.711995
0.607861
0.889214
0.466096
0.157188
0.332924
0.945137
0.155994
0.576161
0.118695
0.760180
0.881750
0.058891
0.004375
0.576715
0.676242
0.358617
0.553097
0.609964
0.017983
0.214503
0.217480
0.355942
0.460724
0.549101
0.505753
0.427660
0.259801
0.197395
0.287467
0.752766
0.515780
0.470262
0.518183
0.823928
0.173648
0.279910
0.988237
0.650021
0.646558
0.400381
0.920598
0.971243
0.292438
0.737776
0.467991
0.473075
0.042360
0.162541
0.706983
0.948918
0.727706
0.529077
0.936875
0.887867
0.283996
0.942892
0.197921
0.980104
0.187348
0.475183
0.494079
0.938783
0.183727
0.101946
0.072225
0.319342
0.094292
0.093982
0.093910
0.827110
0.195591
0.390891
0.179362
0.546793
0.731103
0.973808
0.206805
0.763107
0.529189
0.910664
0.475234
0.084575
0.345371
0.461456
0.301655
0.600228
0.601168
0.856599
0.418298
0.499700
0.262708
0.730095
0.037690
0.916455
0.873777
0.091151
0.835717
0.871932
0.238348
0.952302
0.895410
0.522481
0.424186
0.145512
0.575812
0.633980
0.534874
0.731485
0.781570
0.211740
0.898541
0.233229
0.263094
0.799156
0.872125
0.452332
0.520360
0.545601
0.492835
0.813343
0.168583
0.024131
0.559879
0.019753
0.794898
0.685183
0.053410
0.759630
0.044278
0.917997
0.598881
0.323295
0.155959
0.987272
0.251244
0.242356
0.471806
0.405461
0.191697
0.714505
0.860778
0.066360
0.562143
0.422017
0.691992
0.746635
0.743680
0.983564
0.060797
0.692772
0.664123
0.477303
0.553161
0.499408
0.478750
0.540992
0.504443
0.434446
0.173775
0.087125
0.427293
0.399025
0.731933
0.965858
0.202285
0.768442
0.682914
0.866865
0.239292
0.029045
0.686426
0.862172
0.363797
0.807896
0.544177
0.027021
0.711482
0.658892
0.931133
0.320210
0.321461
0.969894
0.391821
0.969360
0.145539
0.929758
0.237351
0.649716
0.775353
0.229110
0.652992
0.294730
0.166942
0.824577
0.885183
0.398867
0.824411
0.802733
0.154109
0.421024
0.886295
0.660133
0.015907
0.223767
0.818266
0.152067
0.665647
0.191707
0.552238
0.700597
0.918528
0.836097
0.931184
0.151637
0.880084
0.602988
0.669502
0.676215
0.323007
0.830716
0.560958
0.292171
0.130458
0.061163
0.182971
0.656406
0.032252
0.986592
0.179143
0.344110
0.971477
0.676968
0.553728
0.598105
0.805977
0.050732
0.636264
0.081948
0.140489
0.657848
0.270974
0.815219
0.362653
0.325060
0.825278
0.992258
0.643884
0.607887
0.570810
0.748978
0.245164
0.322843
0.110806
0.023630
0.804594
0.396319
0.656720
0.040713
0.776007
0.848704
0.450952
0.059545
0.566749
0.012933
0.597556
0.831861
0.810379
0.558451
0.910118
0.274159
0.917627
0.129152
0.207998
0.581063
0.816135
0.310554
0.808605
0.353240
0.202129
0.065318
0.795036
0.517600
0.974267
0.527661
0.108382
0.579523
0.110625
0.541291
0.461897
0.238399
0.325054
0.142350
0.938255
0.724273
0.821396
0.950883
0.568396
0.370306
0.681193
0.854746
0.297852
0.938165
0.440983
0.539247
0.370027
0.695408
0.038822
0.442390
0.147924
0.704753
0.172853
0.737132
0.879129
0.995274
0.653507
0.120941
0.000148
0.505153
0.202103
0.973540
0.300717
0.073173
0.544116
0.972027
0.629688
0.773783
0.939382
0.901673
0.064690
0.076227
0.268994
0.038275
0.239579
0.903792
0.437361
0.740883
0.629363
0.562745
0.800299
0.021124
0.292200
0.015737
0.138552
0.388332
0.248763
0.511941
0.919457
0.120409
0.736234
0.710165
0.689134
0.156527
0.473970
0.615026
0.255461
0.816483
0.837737
0.197701
0.377547
0.100633
0.769473
0.835257
0.502911
0.565653
0.530347
0.651191
0.190248
0.682563
0.580683
0.593113
0.581671
0.658504
0.056405
0.895053
0.877690
0.742357
0.382348
0.982868
0.838761
0.125529
0.937909
0.360797
0.146061
0.456113
0.405298
0.780146
0.630273
0.076216
0.361885
0.124899
0.267023
0.908533
0.927363
0.227564
0.008463
0.686684
0.477113
0.630240
0.758101
0.725061
0.391838
0.112503
0.689446
0.910864
0.259676
0.763682
0.228630
0.595272
0.809526
0.321888
0.441568
0.834012
0.406763
0.761426
0.355501
0.803642
0.325854
0.595750
0.687562
0.364782
0.529383
0.028087
0.075280
0.185140
0.794923
0.943077
0.235129
0.319880
0.287340
0.121402
0.741418
0.010379
0.602805
0.766508
0.634484
0.511390
0.812763
0.500276
0.005355
0.064048
0.189661
0.342372
0.485939
0.689781
0.216350
0.399849
0.031922
0.908140
0.122215
0.279483
0.689273
0.169994
0.229499
0.135363
0.233647
0.489639
0.723007
0.539085
0.884436
0.893732
0.076901
0.092564
0.340759
0.758884
0.874166
0.081223
0.753374
0.543239
0.907109
0.735271
0.702231
0.904641
0.056806
0.494195
0.352544
0.806000
0.793054
0.795330
0.147892
0.027861
0.619528
0.987481
0.572652
0.787622
0.687470
0.930797
0.853568
0.325830
0.357037
0.263783
0.498874
0.073914
0.307903
0.678478
0.379204
0.151211
0.793771
0.955529
0.466887
0.339001
0.561156
0.359815
0.466114
0.643740
0.892827
0.434561
0.590159
0.855611
0.170266
0.611315
0.275053
0.294386
0.710845
0.389396
0.603202
0.210055
0.730295
0.513151
0.171293
0.152108
0.628060
0.138060
0.609376
0.902004
0.919392
0.514679
0.678401
0.600250
0.061866
0.560050
0.915507
0.764534
0.565067
0.121659
0.496116
0.019776
0.293230
0.329176
0.760453
0.563155
0.283634
0.491859
0.389693
0.678024
0.787744
0.047004
0.013178
0.079415
0.309829
0.963636
0.506197
0.740098
0.905619
0.762478
0.665342
0.270194
0.841807
0.868693
0.928980
0.445732
0.769464
0.139006
0.360299
0.170812
0.666296
0.969524
0.300295
0.607288
0.804678
0.464339
0.725898
0.976540
0.479144
0.976042
0.210399
0.696772
0.618090
0.392243
0.601748
0.003992
0.642046
0.847579
0.468903
0.250934
0.545955
0.919067
0.163805
0.147341
0.939097
0.879240
0.192884
0.823078
0.254698
0.915176
0.493593
0.860358
0.870285
0.039138
0.746363
0.537358
0.138061
0.506076
0.180926
0.639403
0.381679
0.665527
0.385105
0.453615
0.499283
0.710842
0.539234
0.010010
0.605000
0.569803
0.687509
0.481112
0.631533
0.355735
0.372577
0.731619
0.764791
0.263016
0.102979
0.836995
0.599483
0.171155
0.344568
0.376220
0.838508
0.654196
0.048587
0.194238
0.116496
0.321281
0.071577
0.949806
0.349927
0.232576
0.212334
0.585564
0.365816
0.538195
0.631331
0.197332
0.691757
0.987644
0.731559
0.399097
0.011818
0.908356
0.542489
0.732142
0.784642
0.594368
0.532926
0.214145
0.477743
0.597113
0.458013
0.904224
0.903173
0.160595
0.744780
0.019058
0.920881
0.538442
0.364068
0.581018
0.884615
0.468531
0.172701
0.680093
0.610405
0.956333
0.680087
0.786272
0.965433
0.415429
0.239913
0.510264
0.095326
0.810724
0.452444
0.695890
0.977464
0.063395
0.218076
0.561002
0.334072
0.996281
0.110071
0.394548
0.223853
0.889214
0.503835
0.455987
0.717326
0.878118
0.940311
0.522382
0.066743
0.332018
0.020792
0.715418
0.257987
0.012027
0.535643
0.086891
0.116735
0.959207
0.921963
0.765569
0.832747
0.367540
0.212806
0.897959
0.703677
0.367292
0.038181
0.505339
0.336449
0.068562
0.087029
0.666951
0.013539
0.512633
0.626398
0.592868
0.924326
0.296017
0.557676
0.267701
0.302533
0.317163
0.865453
0.222123
0.560564
0.840004
0.197303
0.547913
0.468871
0.649415
0.095209
0.237482
0.374823
0.605724
0.904581
0.370658
0.702596
0.593183
0.608745
0.096984
0.186937
0.426341
0.014448
0.127254
0.931737
0.878457
0.026133
0.138120
0.610528
0.353653
0.915143
0.736598
0.299863
0.719983
0.833699
0.728633
0.644506
0.368955
0.743949
0.790068
0.820461
0.550096
0.082192
0.926075
0.350006
0.115159
0.989920
0.067061
0.209661
0.359938
0.349329
0.111555
0.097182
0.530600
0.233640
0.523748
0.467667
0.477492
0.044757
0.427032
0.950326
0.601762
0.547092
0.866142
0.203975
0.650156
0.764846
0.288715
0.732236
0.686040
0.343556
0.053305
0.912495
0.016160
0.385096
0.166338
0.803998
0.836574
0.795868
0.847414
0.601994
0.964190
0.209147
0.414706
0.466656
0.076280
0.779391
0.473172
0.207009
0.902603
0.595182
0.372831
0.531467
0.668014
0.262116
0.337981
0.058404
0.451399
0.454577
0.265900
0.719869
0.478439
0.217439
0.258119
0.164832
0.715043
0.886909
0.300144
0.317190
0.158967
0.446429
0.136771
0.051224
0.746939
0.150836
0.462343
0.225503
0.174304
0.611639
0.108473
0.481880
0.455384
0.117258
0.650937
0.825267
0.069667
0.442260
0.196747
0.022841
0.751044
0.670215
0.139628
0.082796
0.869749
0.683298
0.902018
0.283575
0.267508
0.204335
0.554794
0.202684
0.809985
0.224263
0.966241
0.925975
0.233476
0.469779
0.368996
0.077022
0.823267
0.857445
0.819062
0.017039
0.964461
0.719209
0.534934
0.167782
0.412410
0.887262
0.461568
0.844933
0.083246
0.190640
0.140720
0.511204
0.671772
0.510961
0.950176
0.821355
0.880319
0.533379
0.710265
0.700439
0.328215
0.798890
0.008036
0.989956
0.335652
0.374451
0.866873
0.051004
0.821692
0.168804
0.486237
0.543344
0.041873
0.161160
0.618477
0.983717
0.991548
0.806030
0.288587
0.672385
0.072558
0.648306
0.038118
0.313233
0.983423
0.320624
0.649040
0.215770
0.745801
0.602034
0.266810
0.210331
0.498457
0.090355
0.828525
0.051508
0.304811
0.945403
0.349825
0.666857
0.993902
0.214834
0.212817
0.945692
0.688444
0.678366
0.844273
0.341079
0.888123
0.515834
0.932077
0.773187
0.354936
0.874066
0.211175
0.201547
0.084297
0.729872
0.831598
0.951210
0.394699
0.869999
0.284248
0.205100
0.023930
0.920660
0.166155
0.316260
0.001193
0.936091
0.503169
0.704629
0.035600
0.847810
0.769154
0.639230
0.356283
0.807572
0.255983
0.955381
0.964862
0.878907
0.979518
0.347414
0.932486
0.401239
0.062543
0.326031
0.451991
0.384458
0.085304
0.807145
0.817026
0.657388
0.502957
0.405781
0.569629
0.528868
0.229753
0.213965
0.729369
0.804849
0.546827
0.190333
0.432069
0.001564
0.692352
0.466041
0.618905
0.605617
0.926273
0.792117
0.636916
0.641073
0.517612
0.647100
0.139004
0.871413
0.753264
0.081028
0.947601
0.860537
0.485074
0.177844
0.375080
0.763195
0.366643
0.402820
0.223498
0.843987
0.131921
0.012328
0.302776
0.069794
0.842529
0.586027
0.993350
0.797518
0.379800
0.844722
0.674064
0.813950
0.260558
0.274514
0.877803
0.871435
0.195291
0.755318
0.552397
0.890573
0.922460
0.623688
0.438836
0.459898
0.668124
0.808076
0.253311
0.023276
0.584320
0.420515
0.048496
0.379626
0.087464
0.464370
0.781440
0.043696
0.187502
0.597121
0.069771
0.902548
0.945778
0.795573
0.235461
0.218381
0.171613
0.500973
0.757026
0.137256
0.832248
0.983444
0.794164
0.526211
0.759713
0.006313
0.609859
0.752031
0.686563
0.280954
0.466904
0.209055
0.950601
0.911333
0.723958
0.047422
0.474313
0.012315
0.758343
0.342840
0.944224
0.143403
0.535403
0.629196
0.180186
0.170818
0.505207
0.863658
0.691769
0.342900
0.702118
0.651148
0.368102
0.596300
0.010421
0.757651
0.143569
0.906479
0.118894
0.454073
0.945069
0.508739
0.003237
0.579780
0.944491
0.544169
0.253862
0.186276
0.798115
0.535971
0.158707
0.591099
0.001079
0.733516
0.822124
0.731589
0.397391
0.960479
0.339508
0.970155
0.578691
0.442714
0.646692
0.165754
0.653123
0.774041
0.529815
0.943550
0.536789
0.192433
0.567251
0.443622
0.858375
0.182773
0.200909
0.550466
0.216404
0.418080
0.328845
0.574866
0.401069
0.515185
0.293024
0.957112
0.954084
0.899417
0.809042
0.079980
0.836730
0.742593
0.873897
0.783670
0.266252
0.978621
0.620825
0.617275
0.664706
0.822945
0.036268
0.280625
0.915754
0.102246
0.840036
0.023086
0.149528
0.757329
0.938232
0.786503
0.695533
0.479800
0.074077
0.754636
0.361749
0.326355
0.270915
0.249804
0.367287
0.863682
0.854590
0.313043
0.855218
0.706194
0.587369
0.296487
0.730747
0.830895
0.689436
0.117803
0.278661
0.654386
0.995172
0.946592
0.952504
0.681715
0.395372
0.906368
0.762688
0.387824
0.479456
0.631830
0.894000
0.279192
0.347261
0.163382
0.974836
0.858904
0.989137
0.237304
0.906292
0.168084
0.459087
0.068947
0.675370
0.327003
0.893791
0.158723
0.333941
0.552724
0.858610
0.405812
0.718455
0.667717
0.036026
0.426192
0.552975
0.749496
0.121879
0.248230
0.439938
0.941183
0.923121
0.578533
0.714586
0.322075
0.979788
0.348790
0.807552
0.366927
0.178520
0.993841
0.287568
0.025044
0.237403
0.604625
0.913016
0.936469
0.451345
0.308557
0.019306
0.944968
0.257386
0.015694
0.001794
0.721720
0.774264
0.867835
0.169012
0.521305
0.510580
0.456810
0.729928
0.981963
0.933484
0.817541
0.419361
0.803847
0.553862
0.829438
0.727969
0.159287
0.522043
0.636680
0.712428
0.989827
0.073340
0.896267
0.333220
0.284594
0.512644
0.813251
0.877490
0.206364
0.892709
0.840486
0.555956
0.498836
0.327649
0.968652
0.131384
0.993604
0.052390
0.673888
0.297110
0.411908
0.276653
0.860823
0.034226
0.606907
0.929205
0.986132
0.785275
0.879256
0.439552
0.751389
0.905532
0.273411
0.815220
0.383610
0.930519
0.972652
0.939734
0.077255
0.659728
0.877301
0.170670
0.247619
0.666821
0.446311
0.838943
0.532628
0.226295
0.941361
0.019889
0.511667
0.740500
0.855598
0.849453
0.306175
0.075996
0.842758
0.161963
0.546036
0.966443
0.204746
0.262269
0.377072
0.249926
0.865074
0.755594
0.794883
0.037231
0.063026
0.465106
0.399176
0.597061
0.272531
0.008469
0.709225
0.283512
0.069320
0.852071
0.975942
0.942654
0.725046
0.538348
0.525253
0.533260
0.382597
0.781792
0.602063
0.727169
0.817901
0.666275
0.864091
0.753451
0.448897
0.118490
0.791180
0.546948
0.780975
0.635826
0.486231
0.630774
0.640640
0.720199
0.239790
0.527288
0.660745
0.449870
0.332929
0.779158
0.658436
0.815007
0.625372
0.341945
0.988351
0.849683
0.922462
0.497110
0.256480
0.271230
0.942929
0.179031
0.081570
0.496799
0.659556
0.048521
0.558289
0.686745
0.674833
0.636325
0.989447
0.187013
0.135774
0.911352
0.486679
0.772703
0.107586
0.603265
0.487169
0.597992
0.030208
0.518524
0.340000
0.488149
0.350685
0.681546
0.084232
0.644786
0.267186
0.959795
0.130082
0.886541
0.310113
0.153329
0.776640
0.363921
0.346056
0.968655
0.410497
0.436617
0.332641
0.928812
0.604798
0.998603
0.907721
0.716852
0.675832
0.318969
0.680461
0.502064
0.493260
0.102042
0.381035
0.065191
0.086146
0.426209
0.978793
0.510679
0.172447
0.720810
0.224741
0.818959
0.465935
0.673022
0.456132
0.967281
0.261419
0.017462
0.474510
0.461267
0.889073
0.282040
0.363557
0.651163
0.301800
0.889191
0.541356
0.878084
0.032070
0.643437
0.259512
0.168494
0.241475
0.041926
0.272993
0.305220
0.378684
0.343722
0.084277
0.693986
0.505851
0.169917
0.957766
0.514112
0.012945
0.456697
0.612315
0.563183
0.896186
0.027618
0.080310
0.739090
0.122761
0.237015
0.721349
0.904667
0.380254
0.099086
0.111296
0.764628
0.366488
0.772072
0.747495
0.648641
0.117375
0.903684
0.739365
0.928810
0.633561
0.714571
0.881872
0.803634
0.434710
0.560163
0.932766
0.360763
0.803670
0.743172
0.218514
0.005190
0.193313
0.427321
0.705350
0.316253
0.836663
0.879356
0.255770
0.012945
0.896935
0.623154
0.448811
0.043044
0.601368
0.496533
0.949198
0.111746
0.500711
0.737224
0.602399
0.376668
0.272523
0.267964
0.004376
0.139321
0.635638
0.066032
0.748880
0.192550
0.958079
0.196226
0.530385
0.468239
0.844619
0.330384
0.220230
0.625100
0.013064
0.855142
0.778860
0.921731
0.150509
0.931363
0.466518
0.387599
0.702686
0.964218
0.427932
0.469314
0.322146
0.424064
0.687030
0.108708
0.579783
0.908949
0.087107
0.059238
0.185738
0.523424
0.509293
0.104208
0.808179
0.680157
0.333165
0.860183
0.222892
0.245921
0.114321
0.280526
0.178818
0.707722
0.849203
0.034808
0.115020
0.791032
0.552320
0.741156
0.155766
0.764118
0.997934
0.987754
0.751278
0.971512
0.957590
0.892560
0.561424
0.670119
0.979885
0.331379
0.149177
0.078021
0.574058
0.427048
0.057114
0.329081
0.376507
0.582757
0.576271
0.440410
0.113623
0.700727
0.201059
0.373666
0.778926
0.364282
0.844058
0.215463
0.149760
0.008644
0.530367
0.790738
0.944228
0.324225
0.880389
0.272619
0.156001
0.609062
0.900191
0.952928
0.983931
0.801795
0.360510
0.580382
0.163223
0.028326
0.854047
0.450659
0.804781
0.202172
0.528488
0.527319
0.881050
0.216678
0.521443
0.093090
0.183937
0.170164
0.687164
0.037354
0.344964
0.753845
0.898794
0.335669
0.847863
0.354783
0.056141
0.555719
0.751384
0.443798
0.493378
0.615538
0.674246
0.137247
0.557014
0.516384
0.405734
0.934819
0.186951
0.582727
0.760295
0.656161
0.844744
0.095396
0.138376
0.891963
0.788042
0.597552
0.650289
0.796617
0.836320
0.247004
0.730081
0.682201
0.209610
0.662029
0.421490
0.919182
0.568882
0.202750
0.869327
0.371576
0.807213
0.997522
0.591865
0.414439
0.522159
0.703539
0.431454
0.189399
0.270341
0.549910
0.140090
0.424132
0.269138
0.073482
0.806270
0.985668
0.659762
0.144545
0.577675
0.550566
0.931090
0.367264
0.147920
0.811292
0.089637
0.743851
0.591788
0.378869
0.150067
0.428536
0.974870
0.482551
0.999608
0.421361
0.312242
0.760986
0.428033
0.661842
0.495290
0.892014
0.694289
0.927027
0.927668
0.270716
0.140689
0.132295
0.395298
0.953470
0.049568
0.041916
0.163838
0.596048
0.306852
0.114707
0.108683
0.586337
0.862995
0.918959
0.540867
0.584484
0.967973
0.249961
0.329286
0.179556
0.434522
0.501165
0.340578
0.685355
0.433812
0.697761
0.279630
0.466833
0.906214
0.164119
0.382286
0.587356
0.192167
0.607909
0.439100
0.433807
0.400368
0.047608
0.047707
0.463931
0.597738
0.473077
0.513858
0.077829
0.012021
0.211849
0.951954
0.635045
0.074037
0.161784
0.689171
0.347121
0.490389
0.777774
0.773198
0.079390
0.460993
0.781954
0.845719
0.891750
0.099978
0.595453
0.355226
0.446607
0.459955
0.780169
0.202777
0.809782
0.257222
0.392057
0.093212
0.941563
0.563182
0.052273
0.259813
0.131928
0.189962
0.148369
0.387830
0.148602
0.665342
0.244353
0.952300
0.285070
0.216812
0.646572
0.203833
0.195603
0.806633
0.481224
0.521742
0.772675
0.335690
0.795748
0.259432
0.424077
0.390809
0.178207
0.987546
0.846543
0.882703
0.003252
0.665060
0.081631
0.774003
0.805606
0.034891
0.382525
0.882787
0.311503
0.783500
0.864189
0.887723
0.045845
0.078148
0.587567
0.390974
0.921221
0.912508
0.596843
0.606729
0.072702
0.248777
0.998612
0.891143
0.271575
0.152447
0.474919
0.495532
0.384386
0.914367
0.496992
0.547878
0.778241
0.290081
0.745409
0.067859
0.705853
0.369368
0.066054
0.842153
0.078509
0.298508
0.148581
0.433730
0.171023
0.095215
0.033862
0.538561
0.940856
0.993510
0.575788
0.817931
0.484893
0.356392
0.638589
0.796157
0.118771
0.770441
0.485022
0.096620
0.916370
0.219127
0.065563
0.189561
0.574076
0.800918
0.635810
0.831693
0.827544
0.131396
0.727176
0.439873
0.525073
0.201793
0.451225
0.117958
0.382633
0.094827
0.220676
0.810097
0.742681
0.144271
0.617422
0.539294
0.791631
0.672483
0.502019
0.182300
0.879899
0.637151
0.313733
0.896140
0.567680
0.744560
0.027426
0.401346
0.879525
0.740624
0.366192
0.576322
0.348132
0.952314
0.432931
0.394588
0.002889
0.515353
0.005653
0.351922
0.529370
0.866481
0.108598
0.586596
0.971158
0.567163
0.620400
0.850378
0.012138
0.456936
0.471326
0.416538
0.372348
0.633654
0.373276
0.996332
0.146854
0.337407
0.235785
0.178101
0.104185
0.406592
0.871551
0.843310
0.170308
0.382128
0.406189
0.071683
0.822576
0.557981
0.384339
0.458779
0.758575
0.580589
0.713827
0.867952
0.851269
0.399327
0.452814
0.536103
0.317364
0.047387
0.442124
0.471325
0.602382
0.971600
0.017636
0.565111
0.263249
0.375400
0.997953
0.275751
0.534652
0.485955
0.426979
0.111980
0.446808
0.037070
0.332596
0.285044
0.699674
0.185714
0.115260
0.278175
0.889334
0.083376
0.712085
0.289044
0.558971
0.768600
0.596302
0.676379
0.749371
0.707112
0.792588
0.211687
0.491454
0.679303
0.009429
0.775989
0.581038
0.465086
0.012860
0.220582
0.384652
0.212661
0.140727
0.188839
0.228585
0.081139
0.792546
0.292519
0.279824
0.127309
0.618948
0.095701
0.749427
0.027200
0.676764
0.454246
0.192023
0.198800
0.413042
0.764960
0.690050
0.386370
0.122584
0.738564
0.009429
0.991236
0.290295
0.840841
0.313494
0.186049
0.301343
0.679331
0.306477
0.766008
0.160976
0.932026
0.584312
0.192522
0.655406
0.109342
0.590606
0.321483
0.242810
0.552540
0.090313
0.907346
0.951509
0.149593
0.539951
0.278465
0.971287
0.799565
0.525421
0.031201
0.926807
0.513492
0.260521
0.647164
0.319052
0.512476
0.226400
0.213115
0.016348
0.706302
0.232918
0.693518
0.750032
0.947657
0.019945
0.651101
0.092092
0.731946
0.379636
0.750557
0.556773
0.851392
0.109413
0.428696
0.281182
0.635884
0.522210
0.301727
0.539488
0.469109
0.712797
0.602044
0.414743
0.576382
0.417454
0.306178
0.120157
0.269541
0.278798
0.326026
0.238432
0.847175
0.999422
0.917103
0.295626
0.795078
0.310802
0.650148
0.929360
0.373429
0.546590
0.391444
0.858829
0.379044
0.829289
0.194078
0.319968
0.117039
0.402482
0.028214
0.146463
0.342130
0.897298
0.363094
0.615815
0.292570
0.806725
0.850286
0.067426
0.225157
0.041472
0.846018
0.295168
0.382519
0.824507
0.834422
0.105387
0.309410
0.113846
0.539524
0.968774
0.784803
0.768798
0.262809
0.955859
0.697473
0.777545
0.087389
0.861098
0.228056
0.551997
0.291227
0.187805
0.197874
0.998973
0.616715
0.149115
0.527813
0.128887
0.153562
0.945294
0.727855
0.471272
0.821159
0.039558
0.812485
0.507478
0.457184
0.780094
0.973083
0.610412
0.644817
0.183430
0.818384
0.675695
0.546641
0.767273
0.636302
0.944328
0.290918
0.183445
0.000739
0.272788
0.953360
0.161696
0.348487
0.507641
0.742512
0.797141
0.767921
0.579926
0.423642
0.404742
0.486905
0.251017
0.039747
0.351910
0.992676
0.485428
0.710468
0.562273
0.535106
0.834500
0.088673
0.433511
0.431376
0.706116
0.336303
0.291235
0.004182
0.717605
0.214963
0.340502
0.136859
0.774982
0.939217
0.722374
0.261407
0.510001
0.477358
0.257578
0.162167
0.933050
0.668176
0.397543
0.168321
0.554189
0.106351
0.777516
0.378815
0.599049
0.243777
0.169787
0.722380
0.203827
0.254455
0.265967
0.841812
0.948518
0.671988
0.229753
0.787494
0.840343
0.779651
0.997373
0.809007
0.729735
0.648146
0.731216
0.431410
0.866898
0.361184
0.369238
0.671619
0.674627
0.888134
0.682492
0.048932
0.474098
0.983464
0.883189
0.148278
0.500124
0.542069
0.533537
0.587100
0.119607
0.935775
0.616479
0.757405
0.868905
0.816092
0.657106
0.999101
0.566510
0.233001
0.190512
0.526714
0.015628
0.303962
0.070462
0.890819
0.538725
0.529615
0.947012
0.609892
0.389404
0.979749
0.186088
0.934350
0.546539
0.765331
0.980244
0.438397
0.589147
0.836542
0.089822
0.912904
0.032714
0.916197
0.722990
0.887197
0.102630
0.649919
0.034563
0.449730
0.000464
0.468799
0.251745
0.111902
0.300814
0.315895
0.397783
0.221576
0.891210
0.690675
0.996658
0.615559
0.843401
0.068306
0.599415
0.922604
0.779395
0.302543
0.201504
0.404424
0.653223
0.151297
0.246593
0.967806
0.368236
0.665777
0.061176
0.966757
0.359716
0.054413
0.817267
0.274092
0.178508
0.947323
0.644422
0.612496
0.969849
0.356476
0.479443
0.872176
0.688097
0.402540
0.408022
0.265433
0.629479
0.471575
0.377421
0.227070
0.297525
0.276236
0.945063
0.219278
0.240379
0.507528
0.849490
0.263566
0.332373
0.147544
0.337359
0.468238
0.641330
0.717318
0.759300
0.599262
0.619491
0.579266
0.687536
0.824664
0.811805
0.019311
0.395154
0.991223
0.190482
0.795191
0.152771
0.486729
0.654521
0.524705
0.377364
0.700160
0.171477
0.712798
0.367086
0.636924
0.208243
0.925618
0.328408
0.395275
0.017463
0.857083
0.093161
0.558618
0.567044
0.099488
0.554950
0.163248
0.010167
0.940595
0.325936
0.592050
0.744127
0.526534
0.014225
0.974562
0.644754
0.459803
0.023258
0.428840
0.778793
0.467863
0.705869
0.505308
0.510846
0.579058
0.674141
0.967496
0.817536
0.939301
0.410116
0.264996
0.102919
0.576839
0.814782
0.973428
0.950040
0.624422
0.556690
0.964136
0.851643
0.960398
0.260123
0.375774
0.298065
0.947831
0.192116
0.769729
0.510766
0.493314
0.118972
0.056541
0.083145
0.325977
0.572268
0.670770
0.145093
0.736062
0.252863
0.823561
0.401475
0.215219
0.915007
0.303004
0.811040
0.008749
0.242289
0.687766
0.189522
0.521635
0.038366
0.328508
0.443111
0.639877
0.471376
0.818676
0.908149
0.872746
0.231448
0.206714
0.633914
0.619490
0.957936
0.602572
0.744938
0.581723
0.011902
0.467968
0.467800
0.401918
0.783495
0.635150
0.447007
0.071052
0.908983
0.606140
0.941248
0.332524
0.336026
0.975967
0.154630
0.789921
0.658018
0.347802
0.235998
0.449327
0.235640
0.581404
0.189224
0.120494
0.012791
0.317028
0.579971
0.803696
0.657049
0.630372
0.297682
0.173915
0.557308
0.771960
0.759494
0.839361
0.176254
0.659301
0.154528
0.591945
0.024021
0.090924
0.835988
0.058274
0.022961
0.302395
0.237605
0.428506
0.989788
0.552333
0.338768
0.770203
0.492139
0.815626
0.261053
0.443273
0.364700
0.388528
0.590059
0.294399
0.317068
0.764570
0.046696
0.594134
0.140147
0.456436
0.842944
0.557672
0.064643
0.417418
0.802895
0.192537
0.121635
0.813548
0.453863
0.763922
0.436245
0.753041
0.556490
0.663666
0.650388
0.186271
0.432486
0.362141
0.621819
0.463825
0.143703
0.355746
0.752165
0.565451
0.338325
0.860436
0.504983
0.864502
0.945997
0.712811
0.292363
0.314259
0.391516
0.152743
0.933728
0.664093
0.245149
0.532445
0.481182
0.948383
0.524606
0.183049
0.504365
0.694118
0.192760
0.602691
0.025741
0.215828
0.182030
0.530672
0.173551
0.812622
0.136965
0.655847
0.622463
0.413644
0.788530
0.177915
0.527838
0.395820
0.209704
0.159977
0.246174
0.135725
0.245174
0.841041
0.465340
0.784726
0.189773
0.890972
0.570552
0.142122
0.790549
0.134154
0.660618
0.727984
0.809887
0.103365
0.352897
0.026910
0.574801
0.599494
0.507860
0.767355
0.798180
0.230293
0.357810
0.116785
0.788002
0.495808
0.849234
0.764705
0.597487
0.652490
0.699087
0.066439
0.054990
0.850033
0.797007
0.250453
0.698130
0.016157
0.081439
0.101390
0.051568
0.666465
0.241569
0.239544
0.709886
0.765628
0.369828
0.121892
0.755137
0.190380
0.341486
0.096582
0.367692
0.585992
0.976314
0.285526
0.042458
0.008880
0.975216
0.656037
0.438902
0.129178
0.939439
0.016325
0.646814
0.586764
0.712131
0.435645
0.592790
0.097093
0.442573
0.267806
0.437988
0.199286
0.333619
0.943704
0.967106
0.146905
0.890771
0.413414
0.346309
0.678807
0.659926
0.019257
0.932342
0.498775
0.559452
0.863892
0.311435
0.524408
0.012466
0.970485
0.785794
0.062967
0.411886
0.964795
0.230105
0.906836
0.405685
0.594752
0.863391
0.806819
0.243890
0.800007
0.007788
0.284901
0.629314
0.596731
0.250489
0.340869
0.928027
0.141870
0.292211
0.176290
0.895830
0.011278
0.031706
0.688837
0.962075
0.892547
0.044365
0.424731
0.140729
0.971220
0.809001
0.411273
0.605490
0.468015
0.712965
0.410487
0.916241
0.416690
0.068098
0.194768
0.255704
0.327707
0.382765
0.670923
0.880474
0.185245
0.770831
0.801159
0.923664
0.259800
0.476692
0.695759
0.742098
0.813377
0.513319
0.653642
0.247950
0.592798
0.638577
0.500940
0.381780
0.007879
0.195582
0.854332
0.102578
0.105508
0.909714
0.149937
0.111363
0.996594
0.711253
0.545244
0.996514
0.666613
0.145059
0.721262
0.242136
0.824074
0.269615
0.958116
0.008640
0.815221
0.211448
0.187366
0.489889
0.183547
0.840348
0.966955
0.580535
0.172221
0.227220
0.764748
0.845355
0.448879
0.875472
0.465846
0.392959
0.714086
0.175022
0.447897
0.755165
0.607623
0.228789
0.829739
0.805629
0.316302
0.497966
0.544305
0.252065
0.067024
0.676434
0.424878
0.639514
0.322482
0.903011
0.195316
0.953652
0.445856
0.032672
0.271342
0.493957
0.757427
0.523754
0.254582
0.802580
0.306567
0.084849
0.947348
0.221604
0.101571
0.124963
0.966004
0.975722
0.751316
0.360059
0.892678
0.739620
0.579044
0.722504
0.998867
0.516288
0.807190
0.278046
0.941824
0.270421
0.176230
0.209305
0.096377
0.153883
0.217897
0.470261
0.692050
0.640089
0.863995
0.117189
0.489887
0.720396
0.847441
0.997446
0.364505
0.800822
0.362271
0.400541
0.709050
0.842158
0.562397
0.790903
0.907254
0.495597
0.077299
0.270434
0.502312
0.460713
0.763071
0.977532
0.442951
0.838065
0.970452
0.347002
0.093783
0.408306
0.243764
0.518300
0.078155
0.758781
0.021229
0.628086
0.179059
0.922203
0.052513
0.372437
0.572934
0.637604
0.647598
0.418148
0.065395
0.283751
0.051590
0.854814
0.822284
0.054283
0.814772
0.183107
0.035202
0.058702
0.030250
0.357605
0.932253
0.295742
0.098257
0.599458
0.000984
0.820348
0.586507
0.559787
0.863148
0.313706
0.720908
0.595710
0.700565
0.747137
0.260212
0.485991
0.649287
0.619922
0.358831
0.329128
0.468170
0.080732
0.744829
0.530317
0.212063
0.457532
0.477788
0.866432
0.535470
0.411414
0.947753
0.532387
0.431013
0.735556
0.948090
0.149248
0.976185
0.928116
0.769218
0.287690
0.621034
0.840641
0.313236
0.669623
0.145177
0.107347
0.596252
0.138867
0.614593
0.673406
0.752929
0.675305
0.494664
0.921067
0.960345
0.824031
0.197638
0.933479
0.565098
0.335507
0.293051
0.278658
0.012100
0.441244
0.407965
0.473489
0.753627
0.698592
0.208778
0.890625
0.377371
0.833801
0.183496
0.594173
0.987216
0.777627
0.741451
0.043866
0.729882
0.480374
0.358049
0.735350
0.160249
0.975602
0.792716
0.745247
0.351863
0.614010
0.865320
0.978990
0.993425
0.672286
0.839344
0.758376
0.480626
0.630723
0.313900
0.865287
0.365835
0.529076
0.608490
0.377612
0.129690
0.829812
0.785492
0.967108
0.542030
0.503675
0.395060
0.368981
0.821543
0.357440
0.042603
0.791676
0.831984
0.945931
0.681033
0.112497
0.352319
0.515883
0.672259
0.196253
0.368324
0.713363
0.117941
0.829362
0.783052
0.860861
0.751769
0.582044
0.077339
0.041293
0.482958
0.668254
0.391262
0.598178
0.530624
0.094588
0.584676
0.056804
0.406637
0.975554
0.235141
0.054721
0.243893
0.617662
0.475785
0.733547
0.006417
0.196538
0.759525
0.893576
0.244852
0.851132
0.914443
0.893812
0.237235
0.740680
0.268302
0.663320
0.222862
0.525469
0.523420
0.191361
0.005750
0.082060
0.877290
0.679886
0.066184
0.066788
0.372045
0.117936
0.397633
0.564276
0.492452
0.351984
0.587774
0.281779
0.359611
0.436779
0.161915
0.971648
0.522111
0.123498
0.851367
0.639120
0.113987
0.480577
0.556662
0.650974
0.637837
0.370723
0.090967
0.803383
0.799253
0.605511
0.395871
0.050918
0.510408
0.203549
0.253793
0.499146
0.381388
0.833673
0.620521
0.376149
0.684473
0.716812
0.343188
0.973406
0.257304
0.273557
0.141310
0.302708
0.264341
0.216183
0.779234
0.103257
0.863252
0.294273
0.887243
0.967609
0.914457
0.212384
0.490949
0.358570
0.224423
0.806825
0.837279
0.580742
0.164086
0.974116
0.482988
0.499249
0.488593
0.354953
0.940610
0.129421
0.098989
0.143765
0.086315
0.030104
0.311458
0.014539
0.297621
0.249198
0.687410
0.453906
0.086697
0.842565
0.840943
0.823975
0.060812
0.647986
0.711119
0.975813
0.185534
0.426788
0.994143
0.609961
0.342511
0.933486
0.516716
0.273257
0.044169
0.512925
0.431787
0.845891
0.411744
0.834679
0.378174
0.884772
0.732829
0.459548
0.124506
0.803719
0.358273
0.048614
0.214073
0.813695
0.266432
0.167074
0.371285
0.796196
0.519837
0.252324
0.243908
0.406026
0.034018
0.258353
0.414808
0.666075
0.883973
0.261440
0.841480
0.363746
0.373320
0.319090
0.562630
0.011936
0.051224
0.760712
0.673681
0.536579
0.723249
0.512305
0.317704
0.398963
0.138643
0.735860
0.836277
0.421700
0.257534
0.192544
0.561750
0.816357
0.374042
0.861264
0.831284
0.751770
0.536271
0.973409
0.451393
0.231439
0.630381
0.021130
0.484457
0.637156
0.547367
0.436350
0.981629
0.269117
0.690451
0.724002
0.844370
0.309702
0.174643
0.041342
0.603490
0.215353
0.733460
0.554576
0.322552
0.199632
0.101337
0.318157
0.598297
0.267425
0.528941
0.284936
0.884154
0.855150
0.218226
0.045192
0.034427
0.815483
0.958722
0.760402
0.518998
0.379368
0.307807
0.128870
0.104200
0.889640
0.292798
0.356193
0.185416
0.206097
0.663264
0.265201
0.625782
0.860597
0.902719
0.147574
0.590744
0.356269
0.709273
0.581495
0.567649
0.573374
0.300838
0.124454
0.738209
0.120553
0.714939
0.294311
0.462980
0.441133
0.661284
0.232825
0.960461
0.544827
0.835281
0.596377
0.733599
0.115358
0.985215
0.459787
0.122119
0.411883
0.652981
0.876685
0.055924
0.285859
0.043273
0.352988
0.499986
0.510043
0.393614
0.460071
0.979471
0.160782
0.207780
0.645456
0.643139
0.563111
0.305128
0.495017
0.108277
0.331660
0.410739
0.158334
0.449209
0.328397
0.421617
0.361905
0.461429
0.810743
0.758134
0.732248
0.894944
0.983531
0.488598
0.662150
0.379106
0.240173
0.199671
0.361275
0.788418
0.177661
0.300194
0.732679
0.135216
0.029461
0.264513
0.626926
0.213786
0.039402
0.742036
0.815480
0.431214
0.675419
0.503823
0.773277
0.895202
0.565206
0.160171
0.278061
0.321749
0.143984
0.193728
0.818608
0.167776
0.725798
0.246943
0.983622
0.922194
0.022149
0.107635
0.713029
0.252489
0.603883
0.841327
0.133029
0.065750
0.594325
0.131422
0.477638
0.224781
0.033601
0.007536
0.661974
0.780726
0.092670
0.588975
0.178850
0.155054
0.134474
0.053198
0.192036
0.116087
0.781705
0.929554
0.228619
0.365299
0.071498
0.456897
0.180936
0.058541
0.109330
0.983047
0.125976
0.961957
0.941160
0.070572
0.080005
0.880613
0.224220
0.278200
0.313785
0.517456
0.433642
0.036126
0.501988
0.776830
0.810761
0.526156
0.631949
0.484317
0.833160
0.507067
0.391847
0.392569
0.145182
0.423049
0.234929
0.702993
0.815762
0.164787
0.475053
0.552687
0.296427
0.496765
0.889205
0.589085
0.864801
0.969144
0.181019
0.261148
0.098777
0.329547
0.688173
0.892239
0.114298
0.593178
0.455973
0.676560
0.341876
0.615147
0.054174
0.641110
0.660430
0.889294
0.787837
0.468405
0.299573
0.073392
0.871915
0.502872
0.892426
0.452736
0.033052
0.389485
0.937164
0.971453
0.800559
0.247026
0.749380
0.160519
0.091130
0.460142
0.740366
0.300537
0.750170
0.473263
0.888518
0.364279
0.010835
0.667207
0.551269
0.131269
0.346919
0.955369
0.007472
0.440716
0.467029
0.285112
0.377592
0.333110
0.862691
0.477365
0.555615
0.159939
0.718179
0.204274
0.830532
0.517167
0.249698
0.302453
0.763053
0.835316
0.670832
0.947205
0.834354
0.697197
0.678359
0.886402
0.308073
0.041095
0.788175
0.488224
0.536326
0.110552
0.844759
0.767233
0.231151
0.602147
0.381250
0.960101
0.427598
0.419947
0.902011
0.655131
0.448268
0.764450
0.278092
0.669356
0.370435
0.622483
0.420139
0.779792
0.558858
0.344860
0.935717
0.942511
0.281699
0.385409
0.675774
0.717845
0.242900
0.001845
0.287991
0.138259
0.774318
0.474479
0.051783
0.235370
0.390128
0.453372
0.543210
0.294867
0.260896
0.534723
0.686527
0.148642
0.389098
0.865673
0.572575
0.255273
0.966762
0.543127
0.912463
0.964830
0.694833
0.877146
0.351764
0.881478
0.674844
0.040100
0.316186
0.930298
0.410723
0.335584
0.742891
0.356951
0.730088
0.340154
0.115234
0.664994
0.127523
0.453023
0.459184
0.034576
0.785145
0.058163
0.749727
0.860718
0.349426
0.290977
0.835567
0.507186
0.479169
0.943120
0.946717
0.731930
0.149107
0.773543
0.116532
0.661233
0.437989
0.621431
0.513620
0.741456
0.040929
0.924092
0.689956
0.506912
0.654223
0.345318
0.332190
0.272265
0.568252
0.066886
0.732468
0.628237
0.777988
0.313233
0.748787
0.687855
0.312761
0.522263
0.165056
0.107038
0.478191
0.118308
0.351982
0.796808
0.021952
0.039164
0.282527
0.714498
0.583186
0.357848
0.859174
0.463408
0.335384
0.219759
0.902073
0.688993
0.561970
0.029265
0.271163
0.704069
0.325700
0.258638
0.056104
0.418666
0.239838
0.859862
0.692853
0.255249
0.259664
0.776058
0.763801
0.070666
0.257909
0.101310
0.634835
0.884828
0.192657
0.627939
0.703061
0.648224
0.335147
0.699712
0.022312
0.673962
0.228500
0.953500
0.325136
0.344007
0.957624
0.143803
0.482772
0.134650
0.768369
0.413648
0.843792
0.936689
0.861842
0.924218
0.919879
0.885457
0.336154
0.848046
0.020863
0.297635
0.697841
0.798879
0.714768
0.754040
0.477184
0.956769
0.356396
0.048869
0.417998
0.284929
0.196532
0.997999
0.522563
0.395564
0.402754
0.011751
0.462671
0.577184
0.037138
0.052064
0.315311
0.614795
0.829046
0.511321
0.624153
0.750496
0.415909
0.966290
0.097418
0.534311
0.105562
0.207155
0.665442
0.164894
0.288588
0.773232
0.324566
0.699509
0.908606
0.589599
0.092912
0.021075
0.014955
0.389503
0.433548
0.559672
0.415045
0.056011
0.924848
0.167091
0.103874
0.880021
0.370357
0.297113
0.030798
0.634814
0.467322
0.606180
0.413519
0.879727
0.078075
0.643288
0.086726
0.537556
0.965223
0.971652
0.243081
0.773870
0.898212
0.201229
0.166426
0.403050
0.737366
0.678504
0.797921
0.551667
0.230677
0.192302
0.411772
0.923996
0.538947
0.032521
0.549177
0.501690
0.095315
0.207866
0.189600
0.957526
0.027831
0.234056
0.902263
0.191654
0.080489
0.357660
0.694854
0.261867
0.467263
0.465210
0.266812
0.190634
0.730434
0.627979
0.095248
0.607650
0.519528
0.952858
0.231886
0.637321
0.763546
0.627307
0.564132
0.117451
0.112811
0.305395
0.231435
0.267825
0.732747
0.072656
0.334710
0.862139
0.328015
0.327776
0.072990
0.427304
0.126194
0.241870
0.261084
0.186227
0.317253
0.652625
0.578021
0.789201
0.430629
0.963538
0.120297
0.093000
0.284396
0.029831
0.962370
0.161976
0.512728
0.242360
0.914865
0.946259
0.525854
0.297571
0.235184
0.207681
0.794666
0.100913
0.428769
0.201579
0.218695
0.022263
0.916567
0.384976
0.074056
0.568922
0.561028
0.910428
0.480939
0.966961
0.839489
0.052252
0.781691
0.931859
0.470400
0.450094
0.009291
0.996407
0.683795
0.691986
0.351512
0.700055
0.390649
0.127853
0.169076
0.014599
0.756215
0.709195
0.804544
0.113102
0.295468
0.429824
0.177609
0.870523
0.710813
0.560102
0.286523
0.013199
0.398356
0.459146
0.568445
0.494358
0.743653
0.795868
0.428398
0.045781
0.516057
0.435305
0.098167
0.251206
0.414199
0.572900
0.582961
0.228932
0.397767
0.092428
0.433230
0.077789
0.395685
0.036934
0.091509
0.098683
0.568301
0.411636
0.631659
0.142303
0.624063
0.979610
0.704475
0.958736
0.831830
0.192027
0.747423
0.472918
0.367763
0.516891
0.742818
0.753635
0.570042
0.075239
0.066940
0.368646
0.845962
0.918546
0.159025
0.815905
0.631919
0.675458
0.037555
0.008535
0.505894
0.561701
0.025326
0.901679
0.335325
0.931736
0.868688
0.489565
0.606231
0.119460
0.668674
0.125491
0.426308
0.770979
0.545244
0.408899
0.983135
0.708931
0.456808
0.376363
0.411177
0.354626
0.791647
0.187694
0.340987
0.562056
0.273407
0.621689
0.270839
0.243341
0.835587
0.982613
0.169120
0.505681
0.275473
0.896320
0.140416
0.376407
0.987032
0.288011
0.190040
0.866125
0.758048
0.895088
0.564640
0.246979
0.680860
0.509018
0.056872
0.577020
0.784736
0.349289
0.208564
0.325129
0.586476
0.371691
0.844512
0.861093
0.677800
0.824819
0.176356
0.212140
0.255895
0.847092
0.804531
0.197563
0.696581
0.558548
0.062337
0.233831
0.777214
0.002145
0.843677
0.214809
0.338313
0.866964
0.818857
0.111539
0.591063
0.931891
0.452215
0.923376
0.884658
0.995354
0.834281
0.135802
0.596009
0.319589
0.354011
0.334564
0.925948
0.018052
0.050253
0.245868
0.322857
0.976659
0.613448
0.046909
0.652893
0.247159
0.717299
0.409503
0.192384
0.973954
0.571633
0.762264
0.346837
0.627824
0.265623
0.117674
0.061280
0.961318
0.154174
0.600347
0.103440
0.678790
0.723729
0.043229
0.635558
0.842495
0.009749
0.435887
0.490497
0.178099
0.063202
0.244761
0.582374
0.694839
0.068161
0.467936
0.958736
0.785753
0.119144
0.105154
0.672697
0.260588
0.076895
0.855049
0.827539
0.654022
0.258996
0.470723
0.466349
0.769958
0.971757
0.540171
0.299197
0.119159
0.155354
0.372750
0.142787
0.514577
0.591307
0.621664
0.819201
0.235169
0.037199
0.377367
0.234248
0.455346
0.384491
0.708151
0.971368
0.053343
0.095524
0.461258
0.069157
0.640790
0.416426
0.942479
0.718115
0.609897
0.379183
0.096447
0.884871
0.241135
0.795623
0.299280
0.294777
0.271863
0.791324
0.965603
0.927109
0.760527
0.936628
0.813688
0.222988
0.445012
0.482934
0.508115
0.064923
0.948699
0.146318
0.373082
0.763317
0.521481
0.923238
0.750960
0.090122
0.126244
0.886679
0.447391
0.300285
0.110800
0.088823
0.091148
0.229709
0.547859
0.609323
0.259184
0.208249
0.040988
0.048227
0.461134
0.246923
0.410809
0.696898
0.390670
0.980494
0.994703
0.653910
0.809546
0.206699
0.525510
0.036853
0.420632
0.196657
0.985036
0.404970
0.027307
0.161341
0.172968
0.363117
0.277344
0.363585
0.851625
0.512089
0.437300
0.916956
0.778205
0.711493
0.659325
0.822439
0.598780
0.631338
0.241225
0.142497
0.068344
0.717992
0.981288
0.781796
0.434120
0.650619
0.017165
0.673021
0.359136
0.299920
0.312714
0.873003
0.452956
0.744561
0.078199
0.310275
0.410349
0.649012
0.822102
0.736138
0.064586
0.661989
0.564100
0.357666
0.560157
0.088826
0.504916
0.951434
0.526357
0.808216
0.347161
0.388966
0.509223
0.393281
0.919937
0.837404
0.819699
0.565972
0.871095
0.364679
0.549482
0.007479
0.036197
0.529923
0.578536
0.379844
0.782631
0.336151
0.389908
0.936599
0.149617
0.083124
0.510963
0.153288
0.291493
0.557219
0.246804
0.844507
0.123300
0.023491
0.517408
0.269514
0.826439
0.638122
0.486649
0.330745
0.862902
0.259624
0.030958
0.806797
0.808111
0.199252
0.816239
0.151177
0.699477
0.216767
0.909708
0.672694
0.292565
0.172570
0.360225
0.271959
0.726325
0.599458
0.336796
0.309428
0.613314
0.180040
0.187824
0.856997
0.693851
0.361012
0.259926
0.289503
0.301627
0.870153
0.087768
0.866028
0.308840
0.210772
0.257534
0.040383
0.039455
0.350384
0.239438
0.820428
0.304822
0.688057
0.440346
0.170760
0.137548
0.442520
0.605194
0.406133
0.883819
0.424577
0.371042
0.739921
0.375421
0.616272
0.732083
0.339626
0.297464
0.735612
0.332912
0.070669
0.662756
0.088390
0.130161
0.657628
0.331527
0.874155
0.872708
0.819534
0.026049
0.758326
0.067768
0.033462
0.692776
0.964340
0.358711
0.253323
0.206326
0.825030
0.547502
0.036122
0.455439
0.796653
0.626845
0.132049
0.037422
0.066721
0.148323
0.012383
0.244191
0.566397
0.050586
0.407908
0.227819
0.749596
0.455786
0.626490
0.284177
0.894706
0.933561
0.596339
0.529666
0.111918
0.240789
0.159218
0.065297
0.425049
0.695661
0.612727
0.844868
0.187965
0.570761
0.373443
0.447275
0.266758
0.605526
0.102260
0.558745
0.924529
0.706338
0.009936
0.799995
0.764787
0.500657
0.139653
0.592122
0.815951
0.246071
0.799534
0.540989
0.334027
0.580015
0.538657
0.087305
0.969972
0.268660
0.476820
0.582378
0.326166
0.858053
0.559302
0.819391
0.962494
0.739875
0.851172
0.732986
0.090470
0.933766
0.619919
0.748299
0.168771
0.397626
0.929073
0.928324
0.615377
0.561453
0.489042
0.206554
0.195007
0.394482
0.312084
0.817069
0.957516
0.866156
0.894749
0.623405
0.426988
0.704530
0.853746
0.049757
0.225740
0.139054
0.579300
0.493436
0.000306
0.478704
0.369350
0.421790
0.310810
0.618995
0.565054
0.366743
0.058347
0.619400
0.060495
0.126749
0.595066
0.251241
0.287588
0.733789
0.542420
0.214766
0.251686
0.939766
0.144450
0.868692
0.584337
0.673089
0.414298
0.548981
0.159750
0.347645
0.146917
0.503198
0.192380
0.022492
0.244231
0.908605
0.941888
0.629421
0.326556
0.770677
0.671626
0.710934
0.478004
0.685001
0.463886
0.375092
0.007832
0.026547
0.336567
0.551005
0.512787
0.099643
0.192003
0.752354
0.363823
0.650771
0.892023
0.641630
0.806051
0.858803
0.794971
0.116778
0.299593
0.709306
0.304602
0.809510
0.947519
0.241681
0.086890
0.332560
0.921181
0.797786
0.403060
0.161222
0.659012
0.770275
0.576673
0.823793
0.483933
0.203019
0.864303
0.143101
0.200592
0.092425
0.897574
0.183425
0.715028
0.034212
0.227394
0.271074
0.824613
0.105410
0.507181
0.189047
0.523722
0.152694
0.289361
0.222878
0.027470
0.534410
0.293606
0.499950
0.994735
0.302333
0.297514
0.100022
0.909842
0.875955
0.256897
0.750013
0.974625
0.991086
0.959626
0.718566
0.549854
0.670187
0.041838
0.047685
0.798921
0.811669
0.527449
0.235710
0.402337
0.817097
0.404746
0.941270
0.177771
0.619009
0.591530
0.678635
0.869538
0.621032
0.710137
0.399219
0.917856
0.868104
0.048669
0.033681
0.048479
0.851013
0.392493
0.230356
0.583816
0.013924
0.846816
0.901901
0.133308
0.084136
0.554608
0.416236
0.215280
0.647954
0.239327
0.695557
0.416909
0.220374
0.047136
0.001472
0.513722
0.434121
0.132658
0.734387
0.876368
0.403376
0.583033
0.585901
0.678597
0.798483
0.208819
0.901038
0.759361
0.254439
0.554797
0.788189
0.893401
0.240459
0.689926
0.361576
0.813860
0.404381
0.294204
0.779087
0.698093
0.382590
0.549276
0.449490
0.221212
0.602086
0.985721
0.007400
0.438814
0.989083
0.157096
0.625819
0.832263
0.896287
0.404935
0.753221
0.408850
0.368883
0.928431
0.076050
0.426519
0.036875
0.379586
0.436773
0.864656
0.889681
0.869948
0.912449
0.900340
0.176760
0.682536
0.485680
0.388842
0.686513
0.844079
0.796244
0.774161
0.112469
0.067033
0.231960
0.493778
0.564544
0.821883
0.397723
0.577759
0.746932
0.607189
0.629242
0.734622
0.732424
0.289725
0.369607
0.984810
0.285404
0.536950
0.508829
0.900412
0.150771
0.572554
0.475253
0.972055
0.862469
0.522223
0.289556
0.460340
0.596856
0.175936
0.511593
0.024843
0.764312
0.947086
0.700104
0.028266
0.314497
0.048119
0.753981
0.008966
0.641966
0.050095
0.021964
0.356049
0.493240
0.843725
0.869652
0.941499
0.059157
0.060440
0.787731
0.965719
0.701570
0.510701
0.959142
0.299630
0.292280
0.737220
0.098223
0.151555
0.436868
0.751345
0.563810
0.132158
0.798958
0.192721
0.450020
0.093500
0.352975
0.117674
0.493254
0.224684
0.552890
0.142135
0.216451
0.758613
0.236648
0.748186
0.775064
0.671680
0.792986
0.153693
0.549480
0.089603
0.115559
0.951148
0.167938
0.799270
0.072168
0.119308
0.727272
0.188362
0.057285
0.070856
0.867656
0.736283
0.743454
0.800714
0.061501
0.298345
0.197704
0.434562
0.312482
0.990757
0.551628
0.766453
0.628408
0.091241
0.823773
0.947635
0.659542
0.336618
0.869192
0.877310
0.429830
0.046016
0.975445
0.156069
0.614736
0.532205
0.286016
0.424582
0.193564
0.697025
0.310830
0.244854
0.587825
0.447649
0.059336
0.154381
0.762901
0.108245
0.847838
0.920300
0.857603
0.796871
0.558053
0.344805
0.003769
0.500837
0.696963
0.982835
0.163401
0.340711
0.317143
0.958447
0.106378
0.250674
0.184568
0.109746
0.950350
0.937153
0.268773
0.738328
0.403614
0.222148
0.171952
0.898597
0.794125
0.712879
0.788745
0.914343
0.858168
0.830102
0.927114
0.299539
0.904433
0.961813
0.161504
0.798421
0.858202
0.757172
0.338453
0.681918
0.854010
0.288144
0.728854
0.840573
0.325845
0.765550
0.528772
0.051666
0.610834
0.506517
0.965774
0.557409
0.474495
0.120966
0.435696
0.962208
0.064585
0.114757
0.688992
0.982623
0.893481
0.919863
0.891789
0.531446
0.631708
0.037114
0.065594
0.156683
0.522120
0.051991
0.648940
0.195603
0.930834
0.003545
0.018469
0.645521
0.574578
0.358304
0.256964
0.102189
0.102937
0.438927
0.956938
0.592054
0.988697
0.052699
0.637696
0.484000
0.091857
0.115211
0.673269
0.115642
0.958879
0.268016
0.017865
0.822251
0.829632
0.563622
0.949851
0.334765
0.923471
0.589608
0.823143
0.870388
0.979342
0.399075
0.185945
0.434826
0.705334
0.005072
0.915205
0.030264
0.915890
0.657514
0.946929
0.871651
0.189909
0.441044
0.046749
0.500621
0.975919
0.611853
0.415833
0.366422
0.143717
0.670530
0.345832
0.015933
0.213362
0.147913
0.807913
0.037253
0.505043
0.352180
0.610471
0.791410
0.706390
0.790482
0.372824
0.081463
0.051928
0.477541
0.699885
0.433856
0.737408
0.098643
0.971476
0.555559
0.940569
0.196669
0.457009
0.602186
0.736566
0.777767
0.355429
0.589198
0.062351
0.945086
0.709342
0.979411
0.230344
0.462464
0.369535
0.500862
0.968014
0.381031
0.503556
0.755450
0.930458
0.434423
0.045420
0.099992
0.290380
0.061084
0.299084
0.215439
0.682787
0.448951
0.158456
0.338280
0.463290
0.715257
0.360584
0.118803
0.685540
0.134207
0.538028
0.933528
0.100061
0.967873
0.088852
0.829012
0.545521
0.530052
0.828589
0.280350
0.747512
0.898711
0.673061
0.066493
0.271450
0.735074
0.159228
0.397138
0.970334
0.796954
0.784126
0.889296
0.463251
0.046199
0.199984
0.319432
0.144670
0.501154
0.287851
0.831466
0.456761
0.289688
0.088776
0.919442
0.189239
0.215943
0.047227
0.213789
0.746256
0.053575
0.624202
0.008877
0.517923
0.152493
0.493583
0.508094
0.319222
0.147591
0.288832
0.911656
0.341518
0.838682
0.404502
0.058186
0.258585
0.711257
0.147186
0.400617
0.327993
0.585299
0.453147
0.888076
0.873580
0.556020
0.253049
0.140724
0.835615
0.564018
0.000706
0.793744
0.307483
0.741668
0.500368
0.780174
0.807140
0.763854
0.300427
0.982654
0.545476
0.186586
0.855010
0.965293
0.188776
0.196576
0.186302
0.443256
0.772274
0.268848
0.159914
0.804312
0.035457
0.448055
0.352736
0.576253
0.002936
0.586399
0.529406
0.064451
0.925771
0.645856
0.131296
0.132938
0.712794
0.294778
0.165795
0.404254
0.001282
0.787741
0.935768
0.696603
0.978639
0.286437
0.410671
0.438748
0.825144
0.674387
0.851672
0.438341
0.119244
0.602549
0.354002
0.949876
0.076402
0.721308
0.756600
0.703301
0.223950
0.266848
0.133941
0.977274
0.871834
0.019552
0.268265
0.141412
0.092959
0.032251
0.463135
0.039624
0.134592
0.537219
0.674236
0.514434
0.177312
0.784453
0.393849
0.527977
0.810105
0.508142
0.275581
0.901626
0.766780
0.734311
0.867756
0.378472
0.801314
0.462719
0.761211
0.545441
0.878884
0.652202
0.410395
0.461544
0.132280
0.766438
0.509769
0.582630
0.750462
0.700904
0.986422
0.621325
0.472846
0.831438
0.502835
0.676263
0.999852
0.663139
0.355141
0.073111
0.045026
0.284897
0.086349
0.588503
0.590948
0.818302
0.373831
0.161955
0.756154
0.077133
0.145577
0.746161
0.015860
0.436311
0.129011
0.800953
0.716843
0.708471
0.113006
0.244463
0.046745
0.616840
0.396376
0.325892
0.563478
0.521648
0.967571
0.441998
0.691814
0.769330
0.605926
0.505357
0.419331
0.534287
0.718928
0.068184
0.324658
0.309593
0.735693
0.788588
0.821396
0.281924
0.315731
0.120363
0.851560
0.932686
0.933449
0.246699
0.722264
0.070548
0.824704
0.484273
0.665200
0.389766
0.882723
0.899894
0.387845
0.870849
0.632880
0.521061
0.149176
0.579229
0.380102
0.958357
0.948197
0.727267
0.590807
0.703518
0.157819
0.690308
0.511819
0.460814
0.020091
0.639415
0.487030
0.233457
0.118731
0.989954
0.906834
0.543590
0.959083
0.176185
0.116354
0.261529
0.329251
0.069933
0.115733
0.521079
0.438924
0.629016
0.002336
0.181086
0.553915
0.750631
0.523452
0.800224
0.648380
0.131702
0.614197
0.638603
0.674791
0.895058
0.427482
0.802380
0.314051
0.882978
0.501996
0.687267
0.079586
0.413300
0.545934
0.017072
0.809019
0.637676
0.473418
0.928034
0.079593
0.605526
0.802182
0.139926
0.152063
0.641408
0.953070
0.813773
0.014881
0.697726
0.336827
0.691606
0.868829
0.458353
0.141359
0.744446
0.345233
0.635451
0.903819
0.967248
0.502479
0.026183
0.267613
0.689730
0.882899
0.466529
0.308893
0.974336
0.545559
0.991791
0.555968
0.587499
0.730973
0.841294
0.732753
0.900976
0.509497
0.686265
0.283125
0.547528
0.735261
0.143706
0.540198
0.090745
0.271745
0.129963
0.849726
0.284694
0.986217
0.938039
0.429839
0.346666
0.597749
0.389445
0.080511
0.437636
0.795157
0.929727
0.765477
0.653217
0.340476
0.373129
0.834737
0.937493
0.498691
0.313737
0.388002
0.329433
0.405058
0.962847
0.907274
0.854977
0.655037
0.823644
0.890008
0.106683
0.174702
0.572949
0.410109
0.536151
0.174482
0.999342
0.418293
0.102442
0.768075
0.722399
0.989227
0.605521
0.426790
0.911672
0.946545
0.525816
0.755927
0.820104
0.455902
0.173954
0.966621
0.594101
0.418324
0.566208
0.776227
0.946494
0.304200
0.857579
0.803758
0.876384
0.913059
0.798606
0.556024
0.923358
0.609275
0.406860
0.536862
0.409557
0.030185
0.428082
0.765447
0.629253
0.131077
0.254262
0.913473
0.735494
0.270757
0.256665
0.402953
0.708707
0.161626
0.962758
0.597668
0.758316
0.517139
0.940299
0.525396
0.311543
0.374061
0.427475
0.007589
0.508736
0.919567
0.290838
0.111871
0.595154
0.544489
0.130436
0.131060
0.436380
0.946417
0.841110
0.898842
0.595130
0.942407
0.094278
0.858936
0.222364
0.963301
0.514549
0.337560
0.379028
0.093056
0.019919
0.765416
0.957472
0.745282
0.194283
0.766075
0.904100
0.742699
0.743370
0.352058
0.118314
0.192197
0.699069
0.099255
0.698516
0.139256
0.045435
0.376642
0.961875
0.172029
0.064306
0.694365
0.374705
0.592429
0.215614
0.073420
0.940552
0.186327
0.555530
0.151221
0.539549
0.155236
0.585423
0.626278
0.040133
0.911452
0.120431
0.400371
0.051490
0.651080
0.206793
0.790037
0.188892
0.930419
0.059941
0.434510
0.732906
0.890855
0.364624
0.248136
0.383916
0.248268
0.233319
0.038480
0.794147
0.184559
0.826330
0.761913
0.332447
0.483835
0.984841
0.688057
0.003796
0.813394
0.076580
0.843924
0.357406
0.301149
0.287219
0.558364
0.728577
0.574525
0.636746
0.149945
0.267350
0.934071
0.470747
0.925770
0.657226
0.597134
0.017908
0.867889
0.432398
0.544694
0.783527
0.958062
0.472758
0.804375
0.606449
0.627419
0.120134
0.316524
0.434132
0.957724
0.867045
0.236042
0.224083
0.559541
0.110936
0.596676
0.906003
0.999613
0.035012
0.278534
0.276903
0.028172
0.547565
0.665167
0.082066
0.146745
0.768791
0.778148
0.398354
0.154869
0.003760
0.749439
0.687494
0.012081
0.395224
0.052824
0.641888
0.119559
0.742926
0.568094
0.243798
0.403761
0.926985
0.069208
0.510869
0.408047
0.282132
0.249022
0.822078
0.189269
0.170680
0.268153
0.910792
0.471687
0.846853
0.585241
0.358305
0.432985
0.453234
0.637677
0.529605
0.133311
0.777959
0.805676
0.971603
0.706630
0.203591
0.670188