72
903
76
31
851
120
333
583
797
142
427
250
430
362
973
282
569
582
665
98
772
25
9
379
603
306
47
257
325
383
956
477
860
976
809
984
902
628
416
657
21
146
168
858
615
386
432
696
93
191
604
796
504
92
656
82
406
523
494
554
716
974
653
617
891
735
756
946
580
251
525
979
265
953
313
553
624
641
299
445
92
434
964
865
915
421
542
205
146
623
618
917
926
893
120
454
385
121
709
654
583
59
917
879
570
612
403
218
55
940
142
365
554
106
586
896
810
526
941
414
420
230
580
265
536
200
203
772
817
503
276
658
183
890
407
105
800
97
559
713
251
712
241
540
980
249
874
724
545
371
922
640
107
788
926
33
618
893
145
330
77
339
230
188
716
387
436
613
506
916
138
330
347
216
271
964
260
562
975
625
494
504
733
648
238
132
809
956
616
39
395
202
894
988
290
127
568
905
831
656
633
580
318
943
707
996
927
957
276
612
595
490
135
295
938
735
310
752
240
60
405
230
615
438
441
102
395
305
822
713
251
137
375
140
176
396
547
926
299
522
962
842
151
476
439
991
487
121
901
305
1000
211
895
617
827
176
756
655
143
520
112
391
225
898
847
777
738
89
265
882
231
1
529
407
617
201
861
160
287
677
758
218
913
102
879
952
860
9
28
330
481
160
355
28
650
500
638
366
570
808
323
844
16
319
45
279
364
729
827
622
48
606
191
491
519
76
116
539
772
617
721
597
907
111
649
982
777
42
269
108
385
817
580
904
541
657
431
358
840
760
534
982
36
175
335
71
153
467
38
799
175
296
4
669
818
139
172
478
399
835
8
850
690
460
258
84
809
456
607
102
628
277
115
967
593
974
376
562
484
694
114
699
246
633
397
794
705
163
209
817
564
876
250
524
925
267
282
658
629
765
366
800
149
908
730
322
54
704
99
388
614
844
107
591
187
644
198
637
639
315
108
933
303
353
740
426
544
995
31
238
456
398
272
388
550
1
941
988
596
127
220
517
144
440
950
279
854
931
778
22
554
591
601
903
973
654
202
121
511
707
708
863
619
766
75
497
588
716
474
345
525
249
175
219
759
367
665
616
710
111
738
885
243
865
901
760
776
559
906
182
484
661
667
341
441
240
924
660
272
524
940
503
804
507
415
382
945
631
7
841
552
509
491
407
768
773
401
684
415
697
995
481
681
383
296
576
797
930
688
222
684
821
41
971
611
693
122
726
632
468
789
518
907
788
114
424
991
439
285
169
615
965
440
5
435
312
871
256
753
783
783
731
617
453
720
832
261
77
736
656
228
595
503
402
276
143
848
324
928
365
708
147
299
336
178
900
67
796
5
782
802
825
592
665
268
509
994
904
665
839
556
82
289
5
944
170
27
834
172
455
106
59
585
814
358
311
552
110
915
645
926
756
113
215
956
432
555
953
155
161
786
481
173
666
314
609
596
271
758
63
925
848
453
529
274
741
352
976
625
757
897
192
2
880
652
21
355
65
409
164
132
586
723
576
307
194
266
934
816
978
270
109
316
619
869
780
195
751
36
624
802
16
918
884
822
286
392
998
831
955
921
534
656
250
713
58
686
934
78
318
924
348
921
744
954
614
464
124
263
26
40
312
152
878
294
969
17
120
206
893
462
266
701
175
868
787
594
996
748
975
405
321
363
503
879
769
173
71
270
268
194
272
106
886
261
432
619
643
575
42
583
541
938
623
867
636
656
344
935
484
16
668
964
977
163
213
62
658
957
641
34
777
957
583
111
321
117
766
893
126
114
617
43
52
831
997
276
645
473
707
543
288
915
352
758
262
580
94
348
748
271
891
828
920
889
984
198
638
256
803
783
404
700
289
25
390
224
847
973
313
137
184
730
631
294
221
291
674
967
400
704
255
703
335
71
738
919
641
624
616
979
505
231
747
766
14
872
787
534
866
931
862
502
417
273
815
248
226
573
230
766
587
92
615
857
28
559
723
908
242
760
549
279
539
413
925
522
29
835
112
254
365
157
82
864
37
978
783
56
972
461
994
700
605
920
779
461
628
949
222
802
332
542
440
139
840
699
512
207
630
115
829
678
39
707
479
683
486
869
202
840
737
123
70
835
719
712
459
797
162
579
501
109
371
626
575
706
858
154
469
846
973
658
755
263
109
211
183
547
598
137
353
473
114
51
594
614
166
273
907
687
127
599
649
926
271
103
198
130
442
811
233
625
149
564
459
599
814
856
537
671
618
1000
689
546
458
106
480
174
506
308
383
71
374
662
690
65
768
509
262